/*--------------------------------*- C++ -*----------------------------------*\
  =========                 |
  \\      /  F ield         | OpenFOAM: The Open Source CFD Toolbox
   \\    /   O peration     | Website:  https://openfoam.org
    \\  /    A nd           | Version:  10
     \\/     M anipulation  |
\*---------------------------------------------------------------------------*/
FoamFile
{
    format      ascii;
    class       labelList;
    note        "nPoints:3760  nCells:3584  nFaces:12632  nInternalFaces:5288";
    location    "constant/polyMesh";
    object      neighbour;
}
// * * * * * * * * * * * * * * * * * * * * * * * * * * * * * * * * * * * * * //


5288
(
33
554
1008
19
270
410
152
574
2805
269
300
1205
116
995
3170
319
822
1791
148
282
2828
56
824
63
294
1239
83
359
466
202
614
1655
53
657
2078
62
588
2380
46
317
1975
545
612
757
29
856
1702
141
844
3393
100
115
1349
140
214
1852
34
88
220
1356
1469
87
699
769
42
155
1013
162
2489
3189
534
710
2041
142
523
2654
92
381
1016
86
409
3474
96
301
3323
63
2373
292
888
1406
281
498
2711
60
1502
2754
989
1647
223
1897
50
2318
3136
74
1072
1339
248
628
3428
404
748
66
1768
3531
135
203
371
146
276
548
2873
95
395
2084
430
2080
2384
259
1236
1754
963
1717
240
690
865
456
724
1838
101
1003
2865
497
1995
89
143
442
195
221
3390
1490
1503
256
2015
2857
257
2016
2858
179
1968
201
1036
1222
81
454
3422
80
455
3421
196
571
353
1703
1814
1071
1829
973
224
361
742
398
918
2027
343
532
1924
2361
329
525
739
128
941
2585
161
555
713
198
406
1166
149
182
982
172
305
352
277
378
194
582
2147
213
908
1139
122
1045
451
572
887
111
852
2844
603
595
310
1091
2094
1811
3190
358
394
2322
212
819
3018
3197
3563
311
754
1376
2011
680
1441
168
1046
2568
169
2567
2760
1546
2235
182
318
2181
137
1214
2174
780
951
2602
394
403
2179
448
520
929
121
1332
1470
842
2205
1238
2799
339
721
1178
114
632
1732
115
633
1731
127
1026
1829
526
1041
1575
130
185
538
124
1352
1486
154
1288
1317
419
719
2994
588
3036
160
488
2058
131
1503
3016
605
1934
1933
1113
1993
133
1712
2660
203
363
2724
188
213
2906
309
974
1015
789
388
2813
166
859
2008
791
218
752
1634
150
942
2901
1451
2035
1703
2133
452
765
3516
723
1542
903
2358
144
474
2460
181
2199
570
606
1072
142
347
261
1365
619
1557
567
1671
2496
200
782
1614
706
2512
1589
1590
1770
1128
1555
681
482
988
1322
1787
3500
289
1195
1576
2560
2785
1152
2277
2926
3068
368
886
1462
1201
2038
487
530
892
627
912
2462
241
356
3379
355
600
900
312
562
3090
291
490
2157
664
1850
1165
3242
1294
2611
331
728
776
235
913
1553
195
1362
1867
1751
1899
299
786
2332
491
3004
492
3003
193
1272
1807
208
1087
2009
652
2435
417
534
535
334
466
3238
304
782
1324
189
546
2272
246
715
3007
247
716
3006
293
361
272
276
1427
719
1168
1020
238
2262
3349
237
2261
3348
1175
2265
323
703
948
378
394
688
197
850
234
1524
271
447
448
268
519
708
236
618
1582
1530
2001
475
1320
1748
433
3145
414
2450
473
3266
438
854
2666
287
775
980
384
3117
523
643
815
851
252
1459
3356
625
753
2105
262
658
1997
984
2972
330
937
3444
241
1711
1927
445
657
1937
232
2430
1949
1600
2433
450
1001
3454
239
470
544
284
1247
3450
2416
3173
229
1218
2973
1137
2702
2457
2836
426
981
1058
573
1299
1742
3526
418
663
926
365
746
1917
550
857
1138
421
850
2966
1438
3020
264
332
406
412
710
1162
514
920
294
1204
2292
622
1123
1390
2017
442
1310
1514
3401
1515
3400
646
1146
338
1252
3535
298
453
3044
255
2067
2298
799
805
755
1174
1583
296
1691
297
1690
1886
2120
321
2045
3249
390
1005
3560
653
715
3217
698
2371
591
2774
2780
314
431
1772
1295
1635
2148
3245
2149
3246
327
616
836
2389
3565
440
580
1505
971
3009
1227
1323
653
857
933
912
965
467
601
2902
400
858
2904
333
607
1557
385
1419
1164
2046
1594
2686
668
2609
761
2703
325
656
1893
678
716
3334
408
461
1682
1932
366
913
303
806
2210
476
591
1799
502
2875
2976
569
2359
373
1677
335
1122
1843
610
1754
367
536
2195
604
610
1465
617
860
307
825
2213
1331
2153
309
429
2630
614
3278
375
2833
343
443
823
316
643
3423
2473
2669
2472
2882
336
1913
1890
2826
744
1187
2942
792
812
1225
1992
1234
2217
338
2578
1019
1097
2003
702
1566
2447
2752
475
2107
350
764
991
3211
351
2764
2772
2765
2773
510
747
2085
435
911
1593
2391
516
3051
2629
2636
340
1619
2196
744
2319
422
1108
1113
3054
3232
509
1780
847
3270
630
886
1282
527
2847
513
1735
2777
3013
409
564
982
1679
386
763
860
2689
1425
1806
1026
1259
1031
1243
470
917
1745
1172
376
1323
3405
888
1142
1750
478
668
1494
1968
1241
1265
377
502
1398
379
2286
2326
1659
2136
391
1084
1180
441
656
1923
538
1428
2824
2829
524
1251
464
3288
506
919
3308
2446
2638
3388
589
1425
2570
606
1729
1859
3071
556
861
3307
868
593
1947
2102
555
1244
621
1525
2651
1315
3126
740
3419
498
2705
853
2631
389
1313
2204
487
1549
1760
1972
2204
512
1390
1822
749
1452
507
1879
2614
471
814
1602
1817
790
1676
606
505
2954
745
905
456
689
468
821
2450
644
1137
2683
1810
2649
735
3417
473
578
416
694
2042
1113
2548
1401
2719
1773
3549
2364
2395
564
676
822
608
1107
3232
995
1177
654
841
1010
559
1256
2201
827
1389
553
1185
687
1991
667
1653
3375
458
533
1348
519
1067
978
1397
431
1066
1722
1554
662
1388
2217
1106
1157
460
489
1778
459
1831
3106
1297
1617
420
2517
3236
1946
2966
585
1333
1810
592
1891
2994
568
970
947
2337
679
3488
1444
2193
1669
1993
462
1115
3571
583
2954
3268
461
469
1181
559
1385
625
885
1786
993
1340
2368
1138
2115
704
1041
1442
503
652
1495
484
2491
480
596
2583
472
691
623
2212
3168
1007
1062
3352
890
3413
485
1576
2038
3285
3535
1192
2218
674
1914
3019
855
1260
2547
1298
1826
537
830
2330
1023
1775
2589
608
663
948
1077
1689
1463
1573
2073
2475
1155
2128
2831
3386
2830
3387
578
1151
1763
1895
1802
2035
1915
1993
676
773
1228
1453
3525
731
1568
518
840
533
675
1529
3275
537
3183
2464
2528
2242
2945
2257
531
1693
1087
2786
1796
1364
1719
3346
1624
2593
865
2106
2661
2707
2729
896
1509
1516
2188
516
798
1610
946
1987
711
1190
3144
1612
2506
1628
2330
587
1155
1289
661
567
753
573
1243
577
1466
2731
3225
2732
3224
826
1088
3491
1346
1607
743
776
1512
677
1160
1315
1962
3208
1417
627
1620
2028
575
915
2503
540
1561
2983
2828
2635
2708
543
1566
2463
2198
3342
2222
2663
1135
2994
733
934
3521
1405
3112
779
843
526
584
3416
1163
3471
1407
3112
1156
3129
600
1378
2200
3069
787
813
3036
833
2516
992
2881
3218
639
2012
2514
883
1782
1744
579
2578
683
845
2023
1242
3322
580
1639
1783
542
1046
2708
1682
1696
1360
1592
2183
2481
1304
3012
2614
2782
569
2810
1367
783
984
1609
3282
1091
1148
568
2258
2874
3252
1903
2178
2074
2507
2482
2541
2158
2220
645
690
1171
809
3429
713
2267
2718
974
1707
557
1319
1690
558
1318
1691
757
837
626
2700
2990
3083
3154
678
2075
653
2076
925
987
2328
2554
986
2329
2555
1943
2806
808
869
3068
3541
647
1480
2984
586
1854
1959
1790
895
1223
3175
620
2241
1197
1611
1031
1126
1269
620
3152
635
1491
2416
762
2073
581
599
2661
2397
689
846
1294
1989
1395
2826
904
1211
800
2081
1688
2748
1991
2907
2616
2776
692
819
3114
666
738
1094
1868
1882
928
1556
2546
1699
1766
1460
2335
1039
1463
2877
700
1131
1476
1873
3026
3094
3265
751
1307
2154
1706
1815
1433
3199
817
3439
775
1371
2422
835
2405
2981
1236
631
1569
2214
1556
2270
771
1837
2584
1191
851
894
1161
914
930
685
1700
891
1562
2689
3028
2240
953
1878
1381
2837
1024
1237
1523
1701
1001
2806
3211
1293
2054
990
1033
1075
2325
1332
1678
3325
3386
3324
3387
1006
1316
1613
954
960
789
1591
2019
853
1224
1853
778
2528
2871
871
940
720
1208
1322
791
1605
2029
727
1624
2411
1733
1358
2827
1812
2557
820
2021
903
2869
1111
1483
1930
669
1327
3470
965
1013
1402
898
1287
1322
1096
1839
2396
659
1448
3277
707
2775
812
1203
1545
1726
690
1418
2023
705
1132
1049
1653
2431
814
1290
970
1396
3072
939
1224
1809
3182
1161
781
2999
675
1204
2340
672
1226
1288
1496
2186
830
1076
3265
1562
3023
1734
2480
1749
2911
733
1200
3517
1520
2142
1006
1249
1040
1165
1450
1353
2494
1300
1341
1516
876
2111
1543
1856
2116
758
2907
740
2284
968
1188
3521
2706
3227
1073
1082
2113
1000
1456
1193
1536
2734
1194
1537
2735
985
1769
2596
906
1027
944
1684
1248
1868
908
957
1472
1544
2623
1951
2621
1301
1575
820
1167
1082
2441
1182
3359
736
2179
864
924
2409
1906
1809
2386
725
1121
1198
2724
1123
1501
2562
2807
2814
795
1093
1174
781
1083
2398
1135
1358
1793
2205
997
2444
1560
2185
1016
2193
1197
2065
1002
1942
801
2955
1392
1599
772
1166
3131
1038
1265
1276
1528
2998
887
1044
1079
3461
1112
1147
1436
737
992
760
1330
1413
3329
848
1017
2438
3299
1784
847
1089
2323
824
3399
1112
1230
1206
1623
1851
1461
2899
1472
1740
2250
2377
1334
1704
1465
1538
1862
1543
2996
1030
2201
1869
794
3050
774
2910
772
1388
2607
1053
2672
2867
972
1913
2815
2219
2973
803
2483
1191
1725
846
1118
1063
1714
1383
1725
1070
1830
2512
1183
1213
1877
866
1480
1792
1063
3411
899
931
2207
2571
3047
1653
1671
1869
950
1670
1797
2161
1281
1334
1903
1104
1389
1210
1283
1763
2454
1771
2164
1714
2650
1034
1119
1459
1136
1672
2397
1382
2835
1789
1925
796
980
2229
1021
3159
1997
2370
1153
1474
2930
923
1032
1171
1255
797
2388
936
1637
1757
2985
1406
3058
2162
1226
1743
2363
2696
2992
1126
1236
1465
884
2382
1569
1789
1224
2721
3382
1824
1955
1150
1626
909
955
1922
884
1726
2878
1510
818
1054
888
1220
2346
1080
1117
1672
1602
2194
1051
2690
3509
2918
902
1855
2000
1125
2062
2203
1598
1824
2269
2639
871
2510
1069
1400
2022
870
2501
3441
1628
1298
1522
2395
1445
1678
2380
1061
1133
866
1264
3110
2383
2890
958
1474
2270
1806
1811
1143
1427
2978
1240
3063
1898
3037
1178
2040
1237
1658
936
1687
1303
2797
1088
873
1456
1962
1031
2013
2350
908
2390
979
1054
1282
1507
1774
2511
1270
2658
1670
1116
3572
2674
2746
2348
2362
3283
1337
1380
1770
1052
1853
1927
979
3039
2578
2582
1051
1261
1788
2103
2285
875
1141
2063
3515
3569
1105
1963
2597
996
1851
878
1581
3357
1100
2750
1059
2164
1040
1618
3242
1541
2794
1312
2114
944
1679
2161
1189
1592
1902
1818
2007
1387
1432
1747
2312
3240
3453
1100
1280
1801
3320
3522
925
3340
1228
2781
922
2195
2276
1656
2352
1828
1238
2670
1356
1358
2987
1833
3448
1449
3163
1834
2515
1028
1770
2136
1104
1198
1698
989
2557
1127
2526
1664
2640
1221
1787
3488
1608
3235
1050
1114
2722
1220
1404
1554
1232
954
3230
2234
3328
1048
2601
2679
1244
2990
2767
2871
2632
3212
1047
3479
968
1374
1611
2670
2709
1065
2427
1310
2577
1114
949
2928
1301
1660
2160
2747
1086
2331
960
3322
1375
2338
945
1598
2451
1597
2076
1596
2075
1014
1392
1876
1020
1381
1911
1181
2018
2300
1282
3034
1160
2572
988
2521
1065
1141
966
2653
3259
3050
1226
1352
1208
2603
1434
1958
2928
1860
2484
1707
1727
3327
994
2373
3065
1403
2055
2811
2103
3248
1098
1938
2127
1444
2818
1412
3230
1262
1455
3317
1572
1068
1357
2630
1372
1595
3192
2343
2874
1219
1645
2917
2209
1478
3451
1173
1201
3496
1088
1000
1273
3001
1860
1148
2455
3044
3080
1831
2062
2468
1195
1628
1634
1326
1344
2233
1292
1345
2228
2535
2800
1421
2245
2452
1075
1935
2424
2941
3206
1355
1497
1354
1498
3448
2819
1044
1336
1255
1812
2982
1483
2410
1034
2429
1045
1127
2995
1863
3141
1186
1238
1698
1526
1533
2982
1110
2761
1866
3141
1487
3463
1074
1584
2342
1458
3309
2842
1649
3382
1047
1134
1082
1212
2943
1464
3435
1508
1870
3187
1359
1772
2566
1150
2004
2640
1662
2171
3166
1099
3208
1254
2327
2337
1518
1823
2277
1579
1978
1048
1296
1661
2081
2791
1492
2818
1035
1719
2728
1071
1119
2742
1771
2740
1110
1768
3527
1195
3070
1428
2642
1079
1121
1702
1432
1678
1547
2289
1273
1606
2714
1847
2917
2074
3014
1103
1418
1060
1109
3085
1471
2619
2896
1760
2084
1508
2700
1548
1059
3375
1064
1458
1520
2598
2631
2187
2997
2577
1158
2468
3090
1202
1416
3281
1218
1330
3573
1562
2961
3132
1140
3319
1489
3364
2254
2721
1129
1551
1572
2856
1194
2046
1894
3157
1455
2533
1525
3515
1357
1950
1885
1335
2657
2513
2694
1657
1539
3358
1196
3125
1387
1499
2020
1197
1102
1440
1274
2428
3229
1314
3470
2608
2821
1111
2496
3355
1951
2609
1531
1182
2186
1312
1530
3123
1219
1475
1594
2784
1199
1252
2673
1245
1715
2315
1172
1277
2417
3179
2326
2549
2411
3362
1560
1440
1481
3550
2351
3027
1284
1477
2988
1473
1887
1376
1781
1974
2007
1613
2842
1622
3198
2042
1835
1192
3309
3140
3574
1217
2471
1183
2146
2209
2269
3489
1565
1922
3267
1844
1209
1613
3220
1858
1998
2426
2894
3363
1439
2142
2565
1207
3339
1283
1519
1658
1233
3111
1534
1760
1176
1240
2967
3418
2467
1183
3316
1297
1646
1740
2619
1633
1905
2642
2058
2368
2274
3296
1145
2025
2713
2024
2712
1713
2715
1512
2004
1645
1308
1524
3271
1540
1177
1485
1684
3122
2674
3253
1360
2833
3087
1819
1400
3361
2279
2945
1662
2030
1570
1778
2320
3081
2791
2751
2804
2404
3368
1665
3300
2267
3182
1696
3143
1958
2544
1367
2271
2711
1547
2146
2351
1252
1199
2153
2698
1727
2185
2591
1952
3507
3272
2275
1300
1306
1887
1215
3433
1228
2363
1561
1827
1953
1705
2032
1509
2358
2039
2319
1668
1752
1693
2965
2051
2122
1655
1893
1229
2006
2005
1517
3458
2951
1583
2036
2420
1576
1622
2191
1619
2854
1304
2302
2418
2301
2418
1571
2315
2987
1235
1648
1705
1904
1647
3103
2798
2801
2495
1257
3032
1489
2249
1540
2093
2215
1275
2672
1889
2456
3546
2613
3517
1272
3097
1327
2834
1420
1739
1397
1813
1728
1936
2166
2218
1904
2095
1338
1339
2748
2944
1567
2197
1259
2845
2545
1644
2373
1329
1574
1965
1484
3000
2414
2434
1714
2365
1251
1435
1717
3313
3370
1347
2944
2618
1571
1590
3209
1730
1394
1415
1553
1434
2827
2866
2722
3173
2394
2456
1289
1386
3273
1451
2066
3524
1925
2641
1550
2803
1366
1581
2463
2687
2869
1984
1355
1860
3072
1354
1859
3071
1552
2044
2132
1538
3496
1377
2527
1464
2695
3513
2229
1673
1805
2245
1309
1779
1365
1645
1583
1753
1373
1826
1937
2130
2737
1955
2644
1566
1994
2574
2344
2413
1600
2239
2706
1291
1717
3148
1434
1793
1620
2128
1693
2569
1730
3149
2442
3485
1864
2860
1552
1384
3290
2297
3365
2126
2615
2260
2379
1302
2508
1652
2653
1996
2008
2426
1588
1900
2604
1509
2597
1563
1748
1832
3457
1414
1571
1441
1379
1567
2197
2846
1467
2227
3111
3311
1393
1364
1843
1496
2091
1351
2303
1350
2304
1579
1989
1429
1535
3561
2492
1721
2793
1457
1911
2602
1578
1808
2872
1784
2497
3264
1736
2294
1419
3070
3425
1591
1615
3117
1849
1448
2878
1549
1935
1842
2848
2336
1615
2993
1417
2705
2140
2262
2141
2261
2393
3350
2138
2248
1939
2073
2736
3253
1451
2788
1795
3387
1874
3061
1875
3060
1605
1595
3158
3074
3075
1776
1493
2795
3010
1609
1391
2911
3284
1527
2064
1610
2324
3153
2693
1984
1626
3404
3183
1545
2176
2251
1430
1731
1874
1431
1732
1875
1528
1680
2797
3226
1632
1718
1573
3491
2957
3397
2778
1513
3047
2579
2694
3033
3367
1738
2654
3434
2648
3326
1835
3107
1468
1629
2071
2238
1408
3134
1567
2963
2823
1521
3371
1512
1785
3081
2056
2823
2326
2549
2258
3095
2278
1446
2252
2137
2539
2063
1845
2815
2093
2432
2321
2342
1531
3087
1407
2537
1750
1741
2320
2476
1450
1654
1886
1690
2033
3061
1691
2333
3060
1688
3253
1526
3332
1565
3487
1910
2031
3418
3464
1603
2106
3505
2208
2220
3438
3455
1663
2061
2534
1424
3043
3409
2080
2661
1500
2068
2190
3005
1542
1937
2078
1933
3186
1934
3185
1499
1765
2173
2343
2435
1881
2298
1720
1741
2354
1627
2313
1629
2189
1783
2690
2005
2840
1738
2276
2486
2745
1885
2728
2940
2960
1785
2629
2757
1999
3244
3403
1683
1700
2243
3146
3511
1468
2216
3378
2148
1697
3323
3444
2749
2584
2801
3035
1785
2769
1746
2991
1640
1607
2010
1625
2903
2189
2361
2989
1569
2210
1949
2196
2545
1478
2139
2847
1916
3136
1947
3311
1683
2432
3214
1599
1876
2341
2615
2228
2248
1641
1938
2351
1790
1716
3013
1695
2563
1598
2213
2376
2704
1825
2317
2490
1718
1803
3016
1551
3173
3263
3442
1550
3091
1755
2352
1756
2374
2263
2005
2884
2006
2883
1591
1593
3238
1911
2622
2145
2242
2984
1872
2206
2347
1927
2598
1920
2064
3239
2599
3147
3098
1961
2854
2224
2225
2418
1532
2563
2328
3255
2329
3256
2709
1650
2761
1948
3207
1764
2605
3204
2018
2145
1792
2364
2118
2222
3220
3564
2501
3030
3484
2530
1773
3501
2226
1609
2658
3106
2651
3564
2863
3453
1979
2405
1907
3582
1908
3581
2855
1634
2082
1840
1976
2057
2750
3372
1994
2600
2385
1611
2065
3097
1988
3420
2781
2295
2722
2479
2336
2098
1587
3023
2255
2123
1572
1667
3202
1849
1994
2960
3219
2455
1867
3042
1761
2465
2565
2672
1960
1965
1762
2686
2877
1847
1960
3395
1967
2311
2393
1630
2172
1945
1889
2897
3390
3234
2409
3384
1729
3041
1766
3317
3555
1897
2087
3351
2465
3414
1813
1997
2277
2440
1779
3282
2758
2011
3402
1668
2016
1646
2015
2452
2034
1747
2381
3021
2275
1816
3118
1777
2519
2591
1620
1697
1995
2101
2285
2643
2610
2905
3446
1721
1797
1750
1642
2872
2979
2683
3012
2344
2675
2553
1709
2718
3135
3483
2305
3133
2815
3057
1976
2086
3178
2110
2383
2633
1781
1990
2279
1979
3545
2169
2183
1675
2586
1712
2443
2611
1687
2677
1815
3326
3556
2228
3485
2334
3494
1807
3097
3111
3470
1663
2692
3089
2339
3065
2115
2886
1669
3321
1711
3379
3222
3568
1694
2886
3103
1816
2870
1896
2267
2050
2244
2814
1844
2888
3168
2204
2699
1912
2052
1803
2645
3156
1941
1876
2947
1722
2412
2168
2442
3038
2502
2749
2143
1915
3276
3563
1783
1794
1884
1776
2353
2733
2580
3356
1861
2252
1849
2940
1684
1960
2123
1928
3035
3191
2779
2093
2197
2421
2793
1906
2283
2787
3137
2944
1940
2668
2026
2617
3239
1973
3483
2595
3047
3351
1962
2799
2109
2348
2108
2309
2527
3504
1888
1969
2187
2369
2536
1848
2211
3413
1744
2655
2129
2264
3408
2544
1737
2646
1865
3510
3025
3299
3507
1782
2537
3254
2068
1772
1819
2816
3056
2082
2416
2811
2043
3304
2083
2045
2852
3175
1873
2938
2939
2244
3380
2156
2573
2010
2101
2154
2996
2260
2918
2360
1961
2299
3128
2469
1836
2103
2451
3554
2724
1918
2507
2372
2986
2985
1909
1804
3284
2125
3153
1954
2786
2374
2594
3570
2134
3003
2135
3004
1758
2478
1879
3049
3551
2790
1884
2476
2100
2421
3033
1862
3228
2803
2012
2757
3055
2498
3502
1842
2156
1879
2425
1810
2589
2989
2812
2414
2914
1974
2182
2011
2460
2219
1869
2480
3204
2400
2493
2312
2480
3116
2827
2909
3391
2345
2830
1838
3415
2530
2163
2272
2540
2162
3034
1899
2531
2736
3219
3039
3501
3142
2002
2912
2221
3455
2570
2127
1988
2601
2060
2470
2819
2250
1861
1929
2835
3456
2887
3439
2422
2477
1991
2089
2096
3566
2090
2097
3567
2117
3178
2355
2436
2338
3244
2249
2281
3084
2431
2477
2844
1852
2630
2658
2220
2370
1986
2044
1981
3447
2043
1865
3248
2624
3356
3303
2334
3447
1944
1976
1959
2979
3094
2999
2822
2988
1892
3080
1883
2980
3373
1980
2692
3583
2105
2569
2323
2752
3408
3230
3394
1946
2951
1909
2890
2128
2320
2414
2047
3436
1870
3504
2759
1866
2738
2687
3110
3104
2741
2064
2531
3275
1880
2978
3296
3083
3164
3174
3109
3108
2372
1898
2879
3305
3381
1893
2656
2453
3280
2816
3180
2714
2822
2215
2653
2243
3558
3577
2253
2549
2337
3333
2676
3373
2321
2322
1931
2595
2120
2223
2778
2282
2324
3432
3508
2099
2257
2434
3077
3279
1969
2032
1924
2124
2915
2045
2301
2046
2302
2457
2336
2977
3078
2350
2246
2285
2230
1995
2588
2049
3341
2675
3338
1970
2490
3374
2353
3243
2266
2478
2867
2901
3347
2702
1992
2081
2346
2390
2188
2381
2053
2273
2043
2410
2236
3518
2274
3477
3478
2002
2006
2259
2921
2475
2520
2766
2192
3392
2108
2637
2030
3509
2054
3428
2133
2316
3092
3160
2199
3533
2587
1999
3091
3176
2996
3372
2539
3119
2143
2956
2003
2162
2325
2294
2603
3048
1986
2485
2291
3016
3142
2000
2237
3366
1971
2738
3148
3178
3471
2051
2347
3010
2741
3149
2227
2434
2061
2756
2048
2232
3238
2599
2666
2875
3346
2116
2123
2174
2335
3354
2086
2117
3264
2173
2404
3315
2362
3306
3403
2310
2585
3048
3486
2132
3022
3136
2641
2125
3318
2596
3251
2113
3541
2114
3062
2367
2644
2152
2182
2777
2839
3231
2469
3081
2379
3557
2120
2376
2860
2576
2575
2117
3419
2242
2020
2934
2935
2074
2863
2282
3129
2557
2089
2225
2090
2224
2481
2885
2514
2612
2029
2937
2936
3227
2613
3499
2247
2882
2415
2441
2800
2056
3115
2626
2809
3269
2524
3298
3300
3283
3477
2356
2680
3353
2458
2537
2590
2919
2964
2410
2993
3558
2632
3308
2252
2691
2057
2513
2879
3499
2931
2493
2391
2488
2738
2098
2462
2620
2230
3407
2466
2092
2104
2110
2656
2121
2200
2694
3041
2401
2637
2741
2245
3425
2271
2625
3124
2575
2576
2437
2639
2664
3482
2268
2600
2623
2106
3358
2536
2866
2187
3128
2497
2260
3143
2291
2464
3029
2968
2969
2305
2281
3119
2147
2983
2574
2862
3256
3349
3255
3348
3182
2227
2725
2150
2454
2159
2744
2443
2552
3454
2456
2504
2971
3213
2995
2243
3132
2142
2697
2851
2512
2184
2533
2405
2663
2175
2369
2387
2178
3193
2126
2751
3069
2702
2226
2216
2551
2605
2862
2185
2701
2861
2316
3159
2762
2923
2763
2924
2308
2455
3009
3295
3562
2297
3142
2402
3459
2403
3460
2532
2669
2688
2764
2240
2495
3189
2533
2532
2648
2236
2551
2453
2868
3216
2298
2580
3229
2170
2231
2312
3523
2749
2354
2469
2163
2208
3052
3205
2192
2461
2166
2564
2217
2181
2341
3226
2427
2317
2319
2419
3002
3310
2445
3169
2407
3042
2239
2433
2233
2836
2288
3032
3250
3335
3304
2790
3360
3404
2284
2256
2744
2970
2452
3385
2388
2363
2550
2264
2530
2998
3297
3319
3395
3303
3478
3492
2360
2587
2314
3562
2467
2238
2290
3368
3427
2812
2345
2247
2559
2525
2558
2474
2408
2356
3320
3188
3367
2380
2616
3428
2236
2856
2284
2978
3005
2522
2718
2730
3376
3377
2253
3062
3321
2769
3431
3187
3275
2378
2241
2774
2466
3092
2636
2891
3070
3156
3506
2506
3334
2643
3261
2795
2314
2395
2604
2971
2399
2647
3328
2296
2541
2308
2740
2715
2659
2829
2841
2682
2681
2305
2323
2526
2287
2650
2381
2550
2273
2958
2413
2546
2392
2837
2516
3011
3302
3469
2492
2783
2720
2407
2808
2908
2489
3262
2534
2756
2921
3512
2519
3526
2420
3115
2495
2581
3471
2743
2339
3396
2511
2539
2407
2385
3495
3121
3247
3167
2474
2832
2367
3284
3376
3377
2716
2939
2717
2938
2554
3071
3528
2555
3072
3529
2753
2509
2637
2479
2544
2581
3350
2378
2393
3512
3487
2521
3298
2491
3022
2820
2342
2500
3034
2683
3333
2734
2735
2392
2406
3054
2399
3335
2525
2669
3410
2446
2419
3040
3396
3580
3192
3252
2639
3058
2795
2785
2429
2487
3158
3057
3440
2808
2859
2547
3241
2915
2594
2807
3217
2597
2834
3183
2848
2617
3492
2449
2650
3104
2439
2532
2648
2781
2493
2962
3432
2580
2640
3316
3449
2707
2739
2760
2730
2458
3020
2900
3304
2601
2508
3409
3277
2462
2873
2737
2793
3062
3389
3398
2791
3148
2524
2504
2667
2515
2920
2523
2518
2740
3123
2616
3036
3149
3174
2802
2726
3064
2881
3254
2413
2432
2876
2673
3010
3493
2695
3494
2880
3498
3228
2737
2431
2742
3158
3402
2912
3575
2614
3522
2788
3050
2483
2698
3489
2796
3150
2752
2635
2685
3068
2877
3491
2494
3130
2826
3268
3122
3209
2710
3544
2489
2488
2662
2916
3424
2583
2499
3102
2475
3437
2652
3357
2627
2685
3205
2633
2925
2954
3066
3231
3078
3089
3102
2627
3381
2951
3551
2536
2726
2727
2914
2765
2770
2764
2771
2767
3184
2985
2611
2626
2619
2997
3005
3099
3233
2538
3265
2655
2922
2494
2529
2758
3292
3031
3247
3475
2973
2562
2889
2608
2665
3216
3280
3539
2561
2573
2647
3086
2898
2638
3002
3490
3067
3014
2632
2522
3452
2888
2963
3119
3045
3314
2579
3100
2703
3015
2744
3160
3399
2638
3125
3353
3537
2598
2678
2755
2957
2584
2743
3065
3201
3280
2843
2556
2783
3358
3394
2927
3366
2896
2932
2968
2933
2969
2818
2618
2842
2660
3524
2838
2849
3401
3400
2747
3108
3185
3109
3186
2976
3028
2592
3000
2864
3272
2612
2767
2851
2765
2882
3099
3195
3098
3194
3293
2595
3536
2912
3569
3580
2605
2717
2716
2690
3045
3514
2794
3116
3288
2624
3290
2849
2714
2784
2649
3254
3331
2861
3025
3579
3067
3446
2910
3088
2691
2622
2908
2925
2789
3437
3291
3367
2652
2729
2677
3216
3330
2775
3243
2813
3103
3392
2739
2817
2975
2665
3536
2755
2952
3385
3059
2929
2977
2769
2678
2890
2676
2723
3289
3252
2757
2750
3337
2679
3482
2900
2974
3237
3278
2820
3234
2655
3270
2943
3191
2802
3207
2776
2671
2675
3014
2821
2825
2976
3028
2965
3293
3463
2929
2955
2736
2719
3312
2986
2981
2782
3320
2932
2933
2964
3151
3237
3430
2784
2895
2824
2957
2785
2960
2843
2728
2822
2946
2698
3443
3204
2719
2753
3018
3219
3500
2922
3135
2709
2946
3003
3004
2798
3494
3118
2968
2969
2974
2857
2858
2754
3145
2780
2753
2970
2903
2974
3190
3525
3571
3176
3135
2772
2924
2773
2923
2908
2987
3480
3481
3176
3489
2832
3263
3303
2777
2930
3121
2979
3085
2945
2805
3198
2776
2953
3196
3233
3240
2770
3006
2771
3007
2893
3002
2977
3553
2923
2924
3225
3224
3067
2984
2779
3351
3328
3522
3121
2839
2804
3198
2845
2850
3369
3381
2941
2972
3295
2931
3114
3513
3318
3172
3101
2844
3354
3095
3213
3085
3363
3120
3449
3042
3329
3547
2848
2999
3394
3399
3440
2904
2928
3233
3211
3157
3008
3064
3203
3017
2940
2852
3520
2871
3473
2902
2962
2897
3096
3029
3059
3066
3195
3224
3194
3225
2915
2894
3250
2853
2906
2942
3079
3113
2930
3013
3029
2953
3443
2901
3139
3138
2881
3218
2865
2991
2975
3206
2895
3090
3235
3146
3312
3101
3082
3259
2949
3193
3187
2898
3181
3560
3021
3037
3088
3147
3074
3194
3075
3195
2959
3269
2967
3520
3575
3177
3220
2927
3055
3041
3175
2965
3077
3321
3101
3405
3020
3346
2919
3431
3467
2949
3467
3576
3031
3362
3059
3053
2913
3001
3276
3126
3019
3274
3393
3441
3539
3032
3143
2948
3037
3045
3027
3469
3287
3347
3430
3330
3308
3110
3349
3348
2935
2937
3138
3139
3257
3294
3035
3114
3192
3402
3093
3151
3094
3086
3152
3341
3389
3565
2992
3066
3268
3008
3100
3030
3445
3023
3438
3335
2988
3086
3166
3464
3052
3495
3215
3327
3056
3080
3561
3157
3084
3316
3243
3338
3453
3015
3117
3270
3128
3202
3527
3440
3449
3433
3360
3333
3196
3413
3559
3120
3531
3191
3145
3040
3468
3540
3540
3043
3452
3550
3239
3208
3168
3285
3490
3181
3201
3537
3056
3171
3313
3466
3063
3147
3179
3226
3318
3258
3235
3273
3331
3314
3557
3473
3108
3109
3288
3115
3153
3079
3197
3475
3098
3099
3146
3205
3221
3310
3553
3355
3389
3456
3292
3189
3546
3583
3277
3166
3222
3472
3529
3366
3434
3364
3234
3526
3206
3327
3170
3355
3369
3203
3249
3357
3124
3509
3411
3250
3456
3388
3336
3222
3223
3458
3150
3201
3548
3266
3291
3343
3362
3446
3162
3337
3161
3511
3344
3345
3221
3465
3343
3375
3262
3223
3506
3260
3292
3165
3379
3476
3227
3504
3311
3393
3525
3184
3261
3185
3306
3186
3307
3223
3352
3214
3532
3297
3319
3272
3301
3532
3354
3410
3452
3271
3502
3533
3465
3574
3549
3391
3291
3442
3528
3429
3236
3294
3315
3450
3210
3436
3578
3322
3397
3241
3339
3251
3271
3409
3537
3495
3538
3342
3562
3276
3278
3258
3236
3425
3342
3331
3352
3523
3524
3338
3260
3317
3543
3326
3542
3405
3267
3498
3502
3480
3481
3279
3534
3289
3398
3403
3274
3435
3415
3419
3530
3510
3462
3337
3391
3282
3361
3407
3302
3485
3297
3407
3441
3436
3508
3519
3378
3454
3426
3544
3360
3374
3548
3493
3370
3538
3492
3414
3455
3478
3477
3340
3534
3511
3383
3330
3368
3426
3344
3421
3345
3422
3417
3539
3547
3380
3341
3371
3411
3384
3558
3542
3543
3359
3486
3448
3554
3479
3565
3433
3420
3532
3516
3570
3506
3545
3519
3493
3567
3566
3518
3461
3408
3427
3514
3560
3424
3412
3476
3484
3416
3416
3468
3498
3503
3459
3460
3429
3445
3462
3505
3447
3439
3520
3438
3530
3462
3479
3466
3556
3555
3461
3521
3547
3474
3450
3554
3472
3457
3541
3513
3516
3530
3496
3474
3552
3503
3538
3578
3476
3529
3528
3469
3483
3519
3497
3557
3579
3568
3546
3563
3582
3581
3561
3552
3497
3510
3500
3535
3514
3517
3549
3570
3573
3545
3578
3550
3564
3536
3568
3531
3551
3544
3548
3556
3555
3577
3559
3583
3581
3582
3575
3572
3576
3577
3576
3580
)


// ************************************************************************* //
