/*--------------------------------*- C++ -*----------------------------------*\
  =========                 |
  \\      /  F ield         | OpenFOAM: The Open Source CFD Toolbox
   \\    /   O peration     | Website:  https://openfoam.org
    \\  /    A nd           | Version:  10
     \\/     M anipulation  |
\*---------------------------------------------------------------------------*/
FoamFile
{
    format      ascii;
    class       vectorField;
    location    "constant/polyMesh";
    object      points;
}
// * * * * * * * * * * * * * * * * * * * * * * * * * * * * * * * * * * * * * //


3760
(
(0 0 0)
(15 0 0)
(0 10 0)
(15 10 0)
(3.75 3.5 0)
(3.75 6.5 0)
(2.75 5 0)
(4.75 5 0)
(0 10 1)
(15 10 1)
(15 0 1)
(0 0 1)
(3.75 6.5 1)
(4.75 5 1)
(3.75 3.5 1)
(2.75 5 1)
(0.5 0 0)
(1 0 0)
(1.5 0 0)
(2 0 0)
(2.5 0 0)
(3 0 0)
(3.5 0 0)
(4 0 0)
(4.5 0 0)
(5 0 0)
(5.5 0 0)
(6 0 0)
(6.5 0 0)
(7 0 0)
(7.5 0 0)
(8 0 0)
(8.5 0 0)
(9 0 0)
(9.5 0 0)
(10 0 0)
(10.5 0 0)
(11 0 0)
(11.5 0 0)
(12 0 0)
(12.5 0 0)
(13 0 0)
(13.5 0 0)
(14 0 0)
(14.5 0 0)
(0 0.5 0)
(0 1 0)
(0 1.5 0)
(0 2 0)
(0 2.5 0)
(0 3 0)
(0 3.5 0)
(0 4 0)
(0 4.5 0)
(0 5 0)
(0 5.5 0)
(0 6 0)
(0 6.5 0)
(0 7 0)
(0 7.5 0)
(0 8 0)
(0 8.5 0)
(0 9 0)
(0 9.5 0)
(0.5 10 0)
(1 10 0)
(1.5 10 0)
(2 10 0)
(2.5 10 0)
(3 10 0)
(3.5 10 0)
(4 10 0)
(4.5 10 0)
(5 10 0)
(5.5 10 0)
(6 10 0)
(6.5 10 0)
(7 10 0)
(7.5 10 0)
(8 10 0)
(8.5 10 0)
(9 10 0)
(9.5 10 0)
(10 10 0)
(10.5 10 0)
(11 10 0)
(11.5 10 0)
(12 10 0)
(12.5 10 0)
(13 10 0)
(13.5 10 0)
(14 10 0)
(14.5 10 0)
(15 9.5 0)
(15 9 0)
(15 8.5 0)
(15 8 0)
(15 7.5 0)
(15 7 0)
(15 6.5 0)
(15 6 0)
(15 5.5 0)
(15 5 0)
(15 4.5 0)
(15 4 0)
(15 3.5 0)
(15 3 0)
(15 2.5 0)
(15 2 0)
(15 1.5 0)
(15 1 0)
(15 0.5 0)
(3.80263 6.42105 0)
(3.85526 6.34211 0)
(3.90789 6.26316 0)
(3.96053 6.18421 0)
(4.01316 6.10526 0)
(4.06579 6.02632 0)
(4.11842 5.94737 0)
(4.17105 5.86842 0)
(4.22368 5.78947 0)
(4.27632 5.71053 0)
(4.32895 5.63158 0)
(4.38158 5.55263 0)
(4.43421 5.47368 0)
(4.48684 5.39474 0)
(4.53947 5.31579 0)
(4.59211 5.23684 0)
(4.64474 5.15789 0)
(4.69737 5.07895 0)
(4.69737 4.92105 0)
(4.64474 4.84211 0)
(4.59211 4.76316 0)
(4.53947 4.68421 0)
(4.48684 4.60526 0)
(4.43421 4.52632 0)
(4.38158 4.44737 0)
(4.32895 4.36842 0)
(4.27632 4.28947 0)
(4.22368 4.21053 0)
(4.17105 4.13158 0)
(4.11842 4.05263 0)
(4.06579 3.97368 0)
(4.01316 3.89474 0)
(3.96053 3.81579 0)
(3.90789 3.73684 0)
(3.85526 3.65789 0)
(3.80263 3.57895 0)
(3.69737 3.57895 0)
(3.64474 3.65789 0)
(3.59211 3.73684 0)
(3.53947 3.81579 0)
(3.48684 3.89474 0)
(3.43421 3.97368 0)
(3.38158 4.05263 0)
(3.32895 4.13158 0)
(3.27632 4.21053 0)
(3.22368 4.28947 0)
(3.17105 4.36842 0)
(3.11842 4.44737 0)
(3.06579 4.52632 0)
(3.01316 4.60526 0)
(2.96053 4.68421 0)
(2.90789 4.76316 0)
(2.85526 4.84211 0)
(2.80263 4.92105 0)
(2.80263 5.07895 0)
(2.85526 5.15789 0)
(2.90789 5.23684 0)
(2.96053 5.31579 0)
(3.01316 5.39474 0)
(3.06579 5.47368 0)
(3.11842 5.55263 0)
(3.17105 5.63158 0)
(3.22368 5.71053 0)
(3.27632 5.78947 0)
(3.32895 5.86842 0)
(3.38158 5.94737 0)
(3.43421 6.02632 0)
(3.48684 6.10526 0)
(3.53947 6.18421 0)
(3.59211 6.26316 0)
(3.64474 6.34211 0)
(3.69737 6.42105 0)
(0.5 10 1)
(1 10 1)
(1.5 10 1)
(2 10 1)
(2.5 10 1)
(3 10 1)
(3.5 10 1)
(4 10 1)
(4.5 10 1)
(5 10 1)
(5.5 10 1)
(6 10 1)
(6.5 10 1)
(7 10 1)
(7.5 10 1)
(8 10 1)
(8.5 10 1)
(9 10 1)
(9.5 10 1)
(10 10 1)
(10.5 10 1)
(11 10 1)
(11.5 10 1)
(12 10 1)
(12.5 10 1)
(13 10 1)
(13.5 10 1)
(14 10 1)
(14.5 10 1)
(15 9.5 1)
(15 9 1)
(15 8.5 1)
(15 8 1)
(15 7.5 1)
(15 7 1)
(15 6.5 1)
(15 6 1)
(15 5.5 1)
(15 5 1)
(15 4.5 1)
(15 4 1)
(15 3.5 1)
(15 3 1)
(15 2.5 1)
(15 2 1)
(15 1.5 1)
(15 1 1)
(15 0.5 1)
(0.5 0 1)
(1 0 1)
(1.5 0 1)
(2 0 1)
(2.5 0 1)
(3 0 1)
(3.5 0 1)
(4 0 1)
(4.5 0 1)
(5 0 1)
(5.5 0 1)
(6 0 1)
(6.5 0 1)
(7 0 1)
(7.5 0 1)
(8 0 1)
(8.5 0 1)
(9 0 1)
(9.5 0 1)
(10 0 1)
(10.5 0 1)
(11 0 1)
(11.5 0 1)
(12 0 1)
(12.5 0 1)
(13 0 1)
(13.5 0 1)
(14 0 1)
(14.5 0 1)
(0 0.5 1)
(0 1 1)
(0 1.5 1)
(0 2 1)
(0 2.5 1)
(0 3 1)
(0 3.5 1)
(0 4 1)
(0 4.5 1)
(0 5 1)
(0 5.5 1)
(0 6 1)
(0 6.5 1)
(0 7 1)
(0 7.5 1)
(0 8 1)
(0 8.5 1)
(0 9 1)
(0 9.5 1)
(3.80263 6.42105 1)
(3.85526 6.34211 1)
(3.90789 6.26316 1)
(3.96053 6.18421 1)
(4.01316 6.10526 1)
(4.06579 6.02632 1)
(4.11842 5.94737 1)
(4.17105 5.86842 1)
(4.22368 5.78947 1)
(4.27632 5.71053 1)
(4.32895 5.63158 1)
(4.38158 5.55263 1)
(4.43421 5.47368 1)
(4.48684 5.39474 1)
(4.53947 5.31579 1)
(4.59211 5.23684 1)
(4.64474 5.15789 1)
(4.69737 5.07895 1)
(4.69737 4.92105 1)
(4.64474 4.84211 1)
(4.59211 4.76316 1)
(4.53947 4.68421 1)
(4.48684 4.60526 1)
(4.43421 4.52632 1)
(4.38158 4.44737 1)
(4.32895 4.36842 1)
(4.27632 4.28947 1)
(4.22368 4.21053 1)
(4.17105 4.13158 1)
(4.11842 4.05263 1)
(4.06579 3.97368 1)
(4.01316 3.89474 1)
(3.96053 3.81579 1)
(3.90789 3.73684 1)
(3.85526 3.65789 1)
(3.80263 3.57895 1)
(3.69737 3.57895 1)
(3.64474 3.65789 1)
(3.59211 3.73684 1)
(3.53947 3.81579 1)
(3.48684 3.89474 1)
(3.43421 3.97368 1)
(3.38158 4.05263 1)
(3.32895 4.13158 1)
(3.27632 4.21053 1)
(3.22368 4.28947 1)
(3.17105 4.36842 1)
(3.11842 4.44737 1)
(3.06579 4.52632 1)
(3.01316 4.60526 1)
(2.96053 4.68421 1)
(2.90789 4.76316 1)
(2.85526 4.84211 1)
(2.80263 4.92105 1)
(2.80263 5.07895 1)
(2.85526 5.15789 1)
(2.90789 5.23684 1)
(2.96053 5.31579 1)
(3.01316 5.39474 1)
(3.06579 5.47368 1)
(3.11842 5.55263 1)
(3.17105 5.63158 1)
(3.22368 5.71053 1)
(3.27632 5.78947 1)
(3.32895 5.86842 1)
(3.38158 5.94737 1)
(3.43421 6.02632 1)
(3.48684 6.10526 1)
(3.53947 6.18421 1)
(3.59211 6.26316 1)
(3.64474 6.34211 1)
(3.69737 6.42105 1)
(7.41214 6.78516 0)
(7.34775 3.18837 0)
(5.50263 7.56033 0)
(5.48412 2.40094 0)
(10.9748 5 0)
(5.93901 6.07776 0)
(5.97167 3.90493 0)
(2.0319 7.58838 0)
(1.67432 6.11624 0)
(2.019 2.41112 0)
(1.67432 3.88376 0)
(4.96269 6.58284 0)
(4.97538 3.44068 0)
(7.39342 4.92601 0)
(2.58385 3.34976 0)
(2.58385 6.65024 0)
(9.92493 7.39034 0)
(4.30151 7.54725 0)
(3.29981 2.28469 0)
(5.18296 5.79409 0)
(5.78433 4.94964 0)
(9.92493 2.60966 0)
(5.27072 4.36776 0)
(4.33919 2.61467 0)
(3.26114 7.40608 0)
(12.455 7.08706 0)
(12.4554 2.92614 0)
(4.34364 6.85687 0)
(2.48047 4.07909 0)
(2.48047 5.92091 0)
(4.79958 3.99765 0)
(8.92204 5.91667 0)
(4.38646 3.25723 0)
(1.63665 5.02419 0)
(4.67174 6.02157 0)
(3.19737 3.18859 0)
(2.28835 5.36478 0)
(2.28835 4.63522 0)
(8.9198 4.08043 0)
(6.90541 8.41414 0)
(3.19638 6.70674 0)
(12.9928 5.15182 0)
(5.12808 5.29384 0)
(8.4372 7.89453 0)
(2.91863 3.78992 0)
(2.9172 6.19758 0)
(6.9181 1.62731 0)
(6.36012 7.03234 0)
(3.64153 8.71625 0)
(4.83567 8.60365 0)
(4.19803 1.35035 0)
(8.43732 2.1168 0)
(4.34165 6.3873 0)
(4.78432 5.6315 0)
(6.52052 5.37646 0)
(6.52763 4.56449 0)
(4.43935 3.78166 0)
(11.3172 8.35905 0)
(3.73712 2.86504 0)
(11.3283 1.67717 0)
(5.19559 4.85213 0)
(2.54377 1.29665 0)
(3.7999 7.10742 0)
(4.85053 4.42227 0)
(6.35379 2.98525 0)
(11.0773 6.484 0)
(5.662 5.50413 0)
(4.87807 7.23298 0)
(11.095 3.52146 0)
(13.4078 8.38473 0)
(6.77576 6.21007 0)
(5.69048 6.75758 0)
(13.3897 1.6103 0)
(1.31053 1.32875 0)
(2.73365 2.67169 0)
(2.74255 8.20954 0)
(1.58148 8.76444 0)
(7.63986 5.90693 0)
(3.28092 3.55177 0)
(2.66192 4.42812 0)
(2.66192 5.57188 0)
(9.71344 5.01317 0)
(5.31325 3.82341 0)
(5.38582 1.19977 0)
(5.8331 8.56948 0)
(13.6061 3.78805 0)
(5.6665 3.23158 0)
(9.58297 8.67409 0)
(8.45826 6.89427 0)
(1.09025 7.03761 0)
(1.09025 2.96239 0)
(2.90804 4.1257 0)
(2.92883 5.86746 0)
(3.23407 6.3308 0)
(13.6283 6.35207 0)
(4.06107 6.65036 0)
(5.43573 6.27982 0)
(9.58297 1.32591 0)
(4.61386 4.23313 0)
(12.0819 4.32789 0)
(4.42474 6.06451 0)
(6.74617 3.72708 0)
(7.88753 4.09119 0)
(8.43246 5 0)
(4.1976 3.61444 0)
(1.81849 3.1309 0)
(1.83207 6.83682 0)
(10.0672 6.07107 0)
(4.87814 7.97047 0)
(4.78901 1.90598 0)
(10.0571 3.91574 0)
(11.9422 5.66548 0)
(8.42293 3.17578 0)
(3.47963 3.37677 0)
(4.00594 3.40295 0)
(4.9261 4.71026 0)
(2.59046 4.70282 0)
(2.59046 5.29718 0)
(3.3947 6.53241 0)
(4.76766 2.87178 0)
(6.28247 7.87035 0)
(6.97377 7.46936 0)
(5.79383 4.42844 0)
(4.8543 5.36104 0)
(4.5247 5.81549 0)
(0.887915 5.5879 0)
(0.813834 4.43161 0)
(2.3954 4.99414 0)
(7.89472 8.88324 0)
(2.62661 7.3184 0)
(3.72514 7.97642 0)
(1.17899 7.91397 0)
(3.36126 1.42338 0)
(5.08307 6.1737 0)
(3.9663 1.98751 0)
(7.89844 1.0887 0)
(13.8622 2.67319 0)
(2.6402 1.90631 0)
(12.3373 8.76695 0)
(6.20172 2.14306 0)
(12.3373 1.23305 0)
(3.18652 3.86558 0)
(3.63685 6.82454 0)
(7.76623 7.55926 0)
(4.40749 4.033 0)
(5.57512 5.89964 0)
(2.19623 3.62611 0)
(2.16481 6.34976 0)
(3.14738 6.04648 0)
(6.99991 2.4823 0)
(13.8826 7.44146 0)
(9.36113 6.72291 0)
(4.70462 6.40668 0)
(4.31249 8.16589 0)
(5.47607 5.11545 0)
(6.1187 5.61108 0)
(6.16813 6.54686 0)
(5.26648 6.96486 0)
(10.81 7.38582 0)
(7.24277 4.29052 0)
(13.9935 4.83015 0)
(2.87026 9.11514 0)
(1.76571 5.55434 0)
(1.7315 4.43369 0)
(10.9797 2.54976 0)
(4.12644 6.35184 0)
(5.02297 5.05502 0)
(9.33702 3.28765 0)
(6.28925 0.921513 0)
(10.6458 8.97167 0)
(4.07985 3.03748 0)
(3.81024 3.20125 0)
(1.26979 2.16028 0)
(3.31263 2.74781 0)
(10.6515 1.01665 0)
(7.02612 5.78695 0)
(4.66199 3.46453 0)
(6.30828 4.98346 0)
(1.98327 1.82122 0)
(0.960567 3.69012 0)
(0.960567 6.30988 0)
(5.25207 3.01276 0)
(2.91779 3.45856 0)
(2.90938 4.35598 0)
(2.91069 5.6341 0)
(4.68299 6.73082 0)
(5.50014 4.65878 0)
(4.62387 4.45351 0)
(6.51112 9.19251 0)
(5.87191 7.24178 0)
(7.76961 2.55933 0)
(12.7364 6.11199 0)
(4.56062 5.61266 0)
(5.03095 5.5504 0)
(5.31354 5.54981 0)
(4.93031 5.90624 0)
(5.03426 4.17204 0)
(2.56363 3.71888 0)
(2.56363 6.28112 0)
(4.26574 9.21283 0)
(4.21418 3.81747 0)
(3.44699 3.07449 0)
(5.54667 4.12704 0)
(9.01019 7.3654 0)
(8.73129 9.11287 0)
(6.38151 6.00429 0)
(12.1358 7.94558 0)
(7.94529 6.46254 0)
(6.83754 6.75465 0)
(2.3062 2.93283 0)
(12.1595 2.04794 0)
(8.7954 0.882246 0)
(10.3878 8.14125 0)
(2.88286 3.08379 0)
(3.35593 3.75611 0)
(3.15084 4.06254 0)
(5.40009 9.15351 0)
(2.95113 6.49408 0)
(4.64548 5.44921 0)
(14.0954 9.09851 0)
(14.0801 0.918934 0)
(6.14271 3.42989 0)
(4.2004 6.18368 0)
(4.17612 7.18536 0)
(8.32327 5.71151 0)
(6.78769 4.99839 0)
(10.3928 1.87273 0)
(9.09728 2.5332 0)
(10.7291 5.83297 0)
(5.33129 8.17587 0)
(12.6917 3.74592 0)
(2.03673 8.21408 0)
(4.72038 4.61546 0)
(3.33911 7.02405 0)
(2.86276 6.92961 0)
(5.71254 1.81492 0)
(10.7311 4.24976 0)
(7.60903 8.21758 0)
(0.805545 8.587 0)
(3.69111 0.824505 0)
(2.75395 4.62085 0)
(2.75395 5.37915 0)
(7.10081 0.831472 0)
(3.47299 3.58849 0)
(1.98182 0.85236 0)
(2.13614 5.71436 0)
(2.15198 4.29674 0)
(4.73146 0.732612 0)
(6.21929 4.27027 0)
(5.97239 5.28776 0)
(3.85477 7.54986 0)
(11.6327 7.05136 0)
(2.0448 5.04374 0)
(10.3561 6.83243 0)
(9.12547 5.20448 0)
(4.74838 2.4181 0)
(3.72792 2.40027 0)
(11.8952 3.56363 0)
(14.169 5.62797 0)
(4.5312 7.1487 0)
(5.36164 6.63475 0)
(5.79023 6.41697 0)
(7.247 6.27905 0)
(3.19293 7.94474 0)
(3.84087 6.6902 0)
(10.362 3.24151 0)
(5.88636 2.73958 0)
(4.97834 3.75309 0)
(5.35161 3.45104 0)
(11.5166 9.19702 0)
(4.02122 6.93074 0)
(2.31655 6.98792 0)
(3.96091 6.48557 0)
(11.5166 0.802978 0)
(13.0354 7.65149 0)
(5.07927 4.52444 0)
(11.671 2.77458 0)
(4.70511 3.7468 0)
(13.0326 2.35072 0)
(7.63746 1.78802 0)
(13.0964 9.14563 0)
(14.135 1.88354 0)
(13.0985 0.846604 0)
(3.12861 5.85843 0)
(14.1943 8.19262 0)
(3.43655 6.32255 0)
(3.31042 6.15896 0)
(6.10264 4.65005 0)
(1.00667 5.00891 0)
(7.87466 4.66534 0)
(11.996 6.41988 0)
(4.86823 5.16127 0)
(5.64474 3.7042 0)
(11.6922 4.95934 0)
(9.54392 4.34041 0)
(2.44193 7.81875 0)
(0.726942 0.846572 0)
(2.14774 9.27893 0)
(2.73273 3.97299 0)
(2.72351 6.02688 0)
(9.58237 7.96747 0)
(4.95122 6.89589 0)
(7.82742 5.34185 0)
(4.33633 5.9049 0)
(7.93913 3.43802 0)
(1.56133 7.31257 0)
(1.56133 2.68743 0)
(13.2622 3.12487 0)
(9.46849 5.65265 0)
(5.30572 6.04233 0)
(7.19694 8.99717 0)
(4.42934 4.2359 0)
(4.53687 6.24578 0)
(4.38225 2.16971 0)
(14.2109 3.39578 0)
(4.29956 6.62536 0)
(4.91315 4.90875 0)
(10.3593 5.23651 0)
(0.675539 1.72164 0)
(7.28415 3.7313 0)
(6.82744 3.22148 0)
(13.1188 4.40404 0)
(2.95373 0.684071 0)
(4.01395 3.6047 0)
(4.73531 5.84378 0)
(4.40194 2.93693 0)
(4.40906 3.54507 0)
(1.40997 3.41013 0)
(1.40997 6.58987 0)
(6.32512 3.87806 0)
(3.06439 4.2397 0)
(8.41288 4.39071 0)
(8.5022 6.3163 0)
(6.25173 1.60595 0)
(14.2594 6.75036 0)
(1.15571 9.30287 0)
(4.63112 3.17645 0)
(4.80945 4.20543 0)
(10.188 4.53552 0)
(4.68143 7.57327 0)
(5.0721 7.57021 0)
(5.8498 5.75268 0)
(5.08309 2.66927 0)
(2.42703 8.73757 0)
(3.49712 9.33661 0)
(2.92002 7.63057 0)
(9.08516 1.79592 0)
(0.661383 2.45707 0)
(2.68797 5.78249 0)
(2.69872 4.21341 0)
(4.52104 6.56315 0)
(13.1506 6.89213 0)
(0.662447 7.54544 0)
(8.94826 4.71875 0)
(8.99543 8.36815 0)
(7.88292 6.99773 0)
(4.59886 3.93756 0)
(5.31215 4.10723 0)
(14.2638 4.13043 0)
(4.78214 1.32909 0)
(11.4024 4.12047 0)
(2.20737 3.30894 0)
(3.60273 6.55114 0)
(2.63969 4.87705 0)
(2.63969 5.12295 0)
(2.38988 5.65214 0)
(2.38988 4.34786 0)
(8.42153 3.7925 0)
(5.22595 5.11543 0)
(3.12099 1.89323 0)
(13.415 5.71601 0)
(4.85481 6.22742 0)
(6.51472 7.47169 0)
(12.3674 4.8947 0)
(5.82143 7.96124 0)
(9.91695 9.29758 0)
(11.3895 5.52231 0)
(1.34701 5.79758 0)
(1.34701 4.20242 0)
(3.39676 6.76766 0)
(2.89381 2.2839 0)
(6.03065 6.88193 0)
(2.48777 2.32943 0)
(5.67264 0.650666 0)
(9.86086 0.695103 0)
(4.20301 8.67666 0)
(4.79044 4.79997 0)
(1.95649 4.72222 0)
(6.67208 4.15904 0)
(6.38415 8.40732 0)
(4.09751 7.83393 0)
(6.69519 5.7869 0)
(6.98014 5.34718 0)
(3.65771 3.33096 0)
(9.70135 1.99981 0)
(6.52334 6.52984 0)
(5.3004 1.95449 0)
(1.36946 4.65235 0)
(1.36946 5.34765 0)
(3.56183 1.97752 0)
(3.18727 8.4711 0)
(5.18313 6.40609 0)
(8.35368 7.43473 0)
(4.25631 3.96584 0)
(3.073 3.7076 0)
(3.06412 2.93897 0)
(8.39206 8.57894 0)
(5.35611 5.31916 0)
(5.68647 5.25898 0)
(0.519457 6.78322 0)
(0.519351 3.21704 0)
(5.45348 4.86685 0)
(5.50946 7.29255 0)
(5.53349 4.38288 0)
(6.71997 7.89824 0)
(4.00956 2.69497 0)
(7.44896 7.3132 0)
(4.21481 3.40479 0)
(11.4848 7.70651 0)
(6.98886 4.55672 0)
(4.82313 9.21631 0)
(4.74922 5.29167 0)
(5.30342 4.62492 0)
(4.43544 5.7556 0)
(4.51637 4.37823 0)
(4.23832 6.0306 0)
(12.7911 8.4043 0)
(5.67579 6.15219 0)
(2.17039 3.97102 0)
(2.17039 6.02898 0)
(4.96657 5.71894 0)
(3.8334 3.341 0)
(3.99652 3.18081 0)
(12.7148 1.65144 0)
(2.24341 6.65187 0)
(1.68763 7.95185 0)
(5.44447 5.79039 0)
(7.3034 7.91853 0)
(12.5646 5.67527 0)
(7.39097 5.45865 0)
(8.40434 1.41092 0)
(3.5939 7.35759 0)
(2.88761 7.2658 0)
(3.44314 7.73052 0)
(4.09448 3.73586 0)
(3.69071 1.53283 0)
(4.34224 1.6551 0)
(1.80074 6.50223 0)
(1.81306 3.49033 0)
(3.04162 5.70992 0)
(4.54188 6.00408 0)
(6.16686 6.30444 0)
(2.88693 4.51768 0)
(2.89324 5.50181 0)
(11.493 6.0538 0)
(5.96607 9.1194 0)
(9.40568 3.82952 0)
(5.35557 8.76233 0)
(5.04425 3.97662 0)
(2.78617 6.36874 0)
(8.30012 9.51364 0)
(3.28317 3.35097 0)
(0.431177 5.12886 0)
(6.27714 5.35165 0)
(4.82353 5.49518 0)
(0.632152 8.12596 0)
(4.34103 6.23391 0)
(8.41198 2.50453 0)
(3.25218 6.54674 0)
(5.18445 7.26095 0)
(4.13616 6.51722 0)
(2.97366 3.97412 0)
(4.21022 0.750199 0)
(4.43934 7.89782 0)
(9.87949 6.61585 0)
(6.56666 2.50664 0)
(3.52357 6.42074 0)
(9.3762 6.22334 0)
(4.94007 3.13933 0)
(8.31225 0.485562 0)
(5.7568 4.68815 0)
(2.91802 6.69684 0)
(3.57467 3.49275 0)
(3.28439 3.92812 0)
(8.83055 3.51301 0)
(2.48962 5.46183 0)
(2.42299 4.51856 0)
(2.75314 5.27629 0)
(2.75314 4.72371 0)
(6.72162 7.13573 0)
(3.0173 2.62935 0)
(8.02429 6.08687 0)
(1.67047 2.06988 0)
(2.77936 3.6313 0)
(10.518 6.21389 0)
(5.09113 5.97185 0)
(1.9621 7.2143 0)
(1.95372 5.36791 0)
(5.85534 2.36251 0)
(9.27874 9.43301 0)
(3.9319 8.3406 0)
(1.98321 2.84869 0)
(9.86933 3.39438 0)
(0.64585 5.96903 0)
(0.665371 3.99282 0)
(7.49424 4.57743 0)
(3.58789 2.63581 0)
(2.45084 0.739299 0)
(0.451325 9.24415 0)
(7.59674 9.42356 0)
(9.31042 0.587494 0)
(3.92081 3.49583 0)
(3.23742 5.98646 0)
(10.5651 3.74652 0)
(2.20691 4.87531 0)
(2.94641 6.03281 0)
(4.70187 7.00315 0)
(11.353 2.20694 0)
(3.09489 6.25047 0)
(5.53601 2.73748 0)
(1.36476 0.526706 0)
(7.329 1.23759 0)
(3.10724 6.97309 0)
(4.0853 2.38451 0)
(7.86335 3.0668 0)
(4.55511 4.08434 0)
(4.97629 5.27746 0)
(6.04045 3.0951 0)
(8.84027 6.62457 0)
(4.29766 4.10744 0)
(11.8962 8.46085 0)
(3.72097 6.64565 0)
(4.85798 4.57524 0)
(10.9448 9.30688 0)
(7.0891 7.05829 0)
(6.78458 2.17591 0)
(8.60256 5.37706 0)
(11.8978 1.54182 0)
(10.9458 0.691174 0)
(7.2268 2.04871 0)
(7.57275 0.557654 0)
(12.0958 9.38721 0)
(5.0735 4.68829 0)
(10.1047 5.61931 0)
(5.73796 1.25048 0)
(12.0958 0.612794 0)
(2.53898 3.02396 0)
(14.4548 2.74093 0)
(14.4396 6.19968 0)
(5.02474 4.35489 0)
(2.93968 1.41542 0)
(4.85213 3.55669 0)
(6.13631 5.89679 0)
(5.5506 6.4806 0)
(8.94225 2.98118 0)
(6.533 3.41515 0)
(3.87708 6.57825 0)
(3.52371 7.05244 0)
(4.07612 6.20361 0)
(7.02954 6.50345 0)
(2.58264 6.91312 0)
(5.81697 4.17057 0)
(2.38288 3.52387 0)
(11.3639 4.60611 0)
(6.27429 7.31868 0)
(5.957 7.60824 0)
(4.69434 8.26848 0)
(4.88956 5.03722 0)
(2.28798 7.35367 0)
(13.6138 2.14945 0)
(6.40991 5.76127 0)
(4.55246 5.4955 0)
(5.25846 7.90003 0)
(4.73412 4.32327 0)
(9.4733 7.25665 0)
(4.15941 6.80567 0)
(1.13904 7.49504 0)
(3.0919 3.44837 0)
(3.01144 3.26994 0)
(7.37694 2.67274 0)
(10.9364 8.06255 0)
(4.14952 3.18559 0)
(4.88102 6.41157 0)
(14.4537 5.15514 0)
(4.60244 4.58069 0)
(7.99478 7.96828 0)
(10.0883 8.61783 0)
(14.4364 7.65934 0)
(10.363 7.56198 0)
(5.11048 2.27054 0)
(5.85282 3.48048 0)
(4.58181 2.69926 0)
(12.593 4.42675 0)
(4.00699 6.36856 0)
(6.03347 5.03257 0)
(4.3093 3.68805 0)
(2.10534 1.23022 0)
(2.40055 5.19864 0)
(2.40345 4.81812 0)
(4.79155 6.566 0)
(13.6187 5.09516 0)
(5.20399 3.6465 0)
(5.90271 5.52527 0)
(6.51795 6.26384 0)
(14.3795 1.42232 0)
(10.9015 2.01585 0)
(2.19008 2.06123 0)
(3.4735 3.71361 0)
(10.1388 1.43479 0)
(0.435741 4.69513 0)
(5.00858 1.67381 0)
(11.1019 8.83112 0)
(3.9535 7.31299 0)
(11.1813 3.00812 0)
(4.87346 6.06119 0)
(4.63501 5.78083 0)
(1.90586 4.04312 0)
(1.90855 5.95155 0)
(7.58241 6.50569 0)
(2.84683 8.67915 0)
(3.16763 8.85142 0)
(10.868 6.93319 0)
(5.92354 6.63805 0)
(4.55916 3.67835 0)
(6.94796 9.46903 0)
(12.0497 7.40746 0)
(13.5831 9.38564 0)
(6.65552 0.520424 0)
(10.3671 2.40495 0)
(5.17642 5.63153 0)
(5.15988 6.76381 0)
(13.5817 0.609211 0)
(7.03983 6.07117 0)
(1.28059 8.49426 0)
(11.0947 1.17146 0)
(13.7042 6.90046 0)
(3.4234 6.20458 0)
(13.5576 7.85818 0)
(5.19654 5.48934 0)
(3.79436 6.91002 0)
(3.35993 3.216 0)
(1.47469 3.06362 0)
(1.48543 6.94127 0)
(13.5926 4.39109 0)
(5.22659 3.25168 0)
(5.04726 4.91875 0)
(2.64409 5 0)
(1.66641 9.49687 0)
(0.455563 1.26468 0)
(8.90837 7.88428 0)
(3.14607 1.08962 0)
(3.56129 8.31023 0)
(6.70273 1.15103 0)
(5.22229 0.486255 0)
(9.54604 2.7896 0)
(12.516 7.55004 0)
(2.45605 1.63501 0)
(7.35233 8.57531 0)
(6.91591 4.01951 0)
(14.4935 8.67197 0)
(9.2984 4.88312 0)
(4.68938 6.21325 0)
(5.02092 8.24513 0)
(5.51213 6.98627 0)
(12.652 9.48684 0)
(2.45415 2.5877 0)
(4.43814 5.64657 0)
(12.6521 0.512874 0)
(10.6063 4.68003 0)
(3.67847 1.18517 0)
(5.24835 6.22987 0)
(4.2248 6.99484 0)
(2.41776 6.49048 0)
(7.49015 7.63564 0)
(3.05135 4.34468 0)
(3.15952 4.19194 0)
(3.2664 2.98172 0)
(4.69412 5.58337 0)
(14.4488 9.44884 0)
(6.22138 9.5828 0)
(5.60059 5.69794 0)
(14.4488 0.551162 0)
(12.5297 2.44474 0)
(6.31548 4.73921 0)
(4.69546 4.13533 0)
(9.08271 1.33172 0)
(4.36968 7.32214 0)
(6.27035 8.78343 0)
(4.97582 5.41267 0)
(3.87671 3.03362 0)
(2.23742 5.0706 0)
(1.3043 3.84716 0)
(1.3043 6.15284 0)
(4.5535 6.87393 0)
(7.51291 4.02261 0)
(4.35656 3.92025 0)
(13.7087 3.35527 0)
(5.73545 9.55632 0)
(2.39701 3.87012 0)
(2.39701 6.12988 0)
(3.00522 5.58247 0)
(5.47651 5.44646 0)
(2.07766 4.508 0)
(3.5277 3.24781 0)
(8.00153 2.05614 0)
(14.4356 4.58947 0)
(9.97689 7.86799 0)
(6.54237 5.11118 0)
(8.04562 5.06244 0)
(2.76373 6.57767 0)
(1.60472 1.64692 0)
(3.37401 3.47788 0)
(6.36519 6.73703 0)
(4.80793 3.31637 0)
(4.52287 6.40781 0)
(4.11077 3.49831 0)
(4.64576 5.33107 0)
(13.8782 1.44875 0)
(4.76327 4.51201 0)
(6.70001 2.85379 0)
(5.80916 6.99768 0)
(3.84292 9.05923 0)
(11.6665 6.63885 0)
(13.5571 8.89002 0)
(10.4194 9.43589 0)
(10.8103 8.50302 0)
(5.52464 3.89745 0)
(8.83848 7.04656 0)
(2.18006 7.89037 0)
(6.21318 2.51405 0)
(4.80116 4.90076 0)
(4.7001 4.74854 0)
(10.4232 0.571221 0)
(2.58867 9.52207 0)
(4.49203 3.39026 0)
(4.23416 6.29904 0)
(4.52717 8.89342 0)
(1.67443 8.37454 0)
(3.27794 4.03597 0)
(12.2302 3.84384 0)
(5.09661 5.17173 0)
(3.37913 3.88008 0)
(12.2593 6.00205 0)
(4.11898 3.88109 0)
(3.48867 2.85179 0)
(3.92427 9.53599 0)
(1.17505 2.56665 0)
(10.8069 1.5169 0)
(12.4661 6.54503 0)
(8.02874 8.36737 0)
(5.55656 4.97682 0)
(3.4888 6.64296 0)
(4.3306 5.79694 0)
(4.74866 5.17254 0)
(5.97632 6.28896 0)
(1.64709 4.17626 0)
(1.64862 5.81638 0)
(4.42293 5.85572 0)
(6.65882 8.68712 0)
(6.03878 4.44828 0)
(13.2765 6.13045 0)
(12.3498 3.41732 0)
(6.12981 3.72278 0)
(5.80062 5.98853 0)
(1.98994 8.66523 0)
(7.29281 5.97938 0)
(4.42296 6.69512 0)
(1.67552 5.30654 0)
(5.4967 6.07723 0)
(4.84889 5.7803 0)
(2.74296 6.19574 0)
(7.03554 3.48575 0)
(4.82277 3.83776 0)
(3.98194 6.7668 0)
(2.42555 8.14442 0)
(1.67828 4.69588 0)
(6.11109 0.471375 0)
(13.5622 1.06939 0)
(2.5484 4.25497 0)
(2.54731 5.74461 0)
(6.11133 8.12872 0)
(14.5536 2.24001 0)
(5.30115 4.96766 0)
(2.77515 5.66755 0)
(2.76761 4.35177 0)
(2.9795 4.4502 0)
(4.51585 6.1215 0)
(2.85165 4.67809 0)
(2.85165 5.32191 0)
(4.20656 2.82441 0)
(2.80805 3.29858 0)
(9.1546 8.78902 0)
(3.22006 3.74066 0)
(7.93097 5.70593 0)
(3.23424 5.88491 0)
(3.17867 9.54926 0)
(12.1006 2.59856 0)
(3.3294 6.03477 0)
(3.08372 6.40516 0)
(7.13005 2.94732 0)
(5.44004 3.22199 0)
(1.04448 5.90668 0)
(1.04709 4.10138 0)
(4.6562 7.34105 0)
(2.74599 3.80686 0)
(5.00568 2.91361 0)
(5.60858 4.80996 0)
(3.30474 6.43357 0)
(2.90019 7.91145 0)
(4.33769 4.20273 0)
(4.53375 4.49988 0)
(8.56735 5.96254 0)
(4.21515 6.41672 0)
(9.43464 5.30769 0)
(5.39526 4.4944 0)
(7.64799 3.68203 0)
(5.40051 4.25678 0)
(2.873 2.84261 0)
(5.5267 5.27789 0)
(4.90521 5.59322 0)
(2.62246 5.42317 0)
(2.62246 4.57683 0)
(5.12483 9.56056 0)
(5.59568 3.46381 0)
(9.83234 8.26785 0)
(11.528 3.30359 0)
(3.24664 2.55079 0)
(9.5552 2.38379 0)
(6.53936 4.85337 0)
(8.03763 1.62079 0)
(11.0856 6.04532 0)
(3.33301 0.425428 0)
(12 3.0973 0)
(12.0443 6.85827 0)
(7.74916 6.21956 0)
(13.2106 3.63933 0)
(14.5884 7.12987 0)
(5.59913 2.13117 0)
(2.29369 5.84479 0)
(2.29484 4.15602 0)
(4.86265 6.73614 0)
(10.3817 5.8538 0)
(4.11119 6.1136 0)
(7.10364 4.88831 0)
(1.1478 1.75252 0)
(14.5384 3.7491 0)
(6.59781 6.90245 0)
(4.62908 9.60054 0)
(3.99299 7.12234 0)
(10.5209 7.19257 0)
(12.8142 8.81122 0)
(1.94244 3.75387 0)
(1.93417 6.23368 0)
(10.727 5.35697 0)
(12.0794 5.20235 0)
(4.89958 4.09897 0)
(3.53491 2.20821 0)
(5.76429 3.94222 0)
(2.93766 3.64019 0)
(1.20755 8.87543 0)
(5.43706 3.66476 0)
(1.67871 1.23877 0)
(12.8331 1.23163 0)
(10.7515 2.97595 0)
(4.48682 1.08418 0)
(2.21314 5.54919 0)
(6.63069 6.02884 0)
(4.62454 5.90363 0)
(13.3934 7.303 0)
(8.68156 2.39357 0)
(3.54705 3.64979 0)
(8.88048 9.56679 0)
(3.15711 7.20699 0)
(5.75346 7.42315 0)
(4.45238 8.49372 0)
(4.39808 7.0074 0)
(1.06823 3.32977 0)
(1.06823 6.67023 0)
(2.73982 6.76462 0)
(10.0296 6.98859 0)
(5.07932 7.09659 0)
(9.15486 5.61448 0)
(4.74172 5.40607 0)
(5.00894 0.996027 0)
(8.75 0.410714 0)
(4.29674 6.12431 0)
(4.8602 2.67181 0)
(4.43298 5.96708 0)
(5.31841 5.88374 0)
(10.3566 4.16396 0)
(1.45862 7.71097 0)
(4.79614 5.07171 0)
(3.64928 3.07107 0)
(6.14321 4.02997 0)
(3.0607 3.84833 0)
(4.1469 7.40971 0)
(4.6309 4.67841 0)
(3.80364 2.65915 0)
(13.9181 8.5782 0)
(5.15022 5.01136 0)
(7.44219 2.34941 0)
(4.49528 2.41093 0)
(12.9803 5.62101 0)
(6.08122 1.84091 0)
(5.06871 5.83578 0)
(3.03651 4.12586 0)
(0.409261 7.17794 0)
(6.536 1.88991 0)
(4.5346 5.71506 0)
(4.47021 3.11148 0)
(8.13287 6.77684 0)
(12.9125 2.8183 0)
(3.3287 6.64222 0)
(8.29302 5.32403 0)
(7.12655 6.81327 0)
(6.81362 5.54206 0)
(0.387687 2.75865 0)
(4.81219 4.69604 0)
(8.23157 7.10235 0)
(3.17691 7.65789 0)
(13.3866 2.69198 0)
(10.1868 4.90878 0)
(10.3084 2.81935 0)
(9.03853 6.22733 0)
(6.91976 4.31397 0)
(4.29015 3.094 0)
(5.75069 3.01165 0)
(3.89835 6.41407 0)
(5.7458 8.24675 0)
(8.81382 5.06259 0)
(5.45554 1.54213 0)
(1.71524 2.39092 0)
(2.61119 3.53637 0)
(2.18601 0.402706 0)
(11.7234 1.94791 0)
(6.46431 4.3104 0)
(4.07913 7.6186 0)
(5.03699 6.29695 0)
(9.17311 4.44749 0)
(11.0337 3.9303 0)
(4.16083 3.9701 0)
(14.5972 5.7367 0)
(11.8049 3.94821 0)
(11.2642 7.28823 0)
(3.26272 6.86471 0)
(5.19123 4.25031 0)
(2.61912 6.47081 0)
(2.76825 5.5116 0)
(2.76859 4.50274 0)
(7.72534 4.96955 0)
(8.24494 4.69953 0)
(3.93142 0.423372 0)
(9.84194 4.61789 0)
(2.84599 4.01697 0)
(8.29905 8.96025 0)
(5.67893 8.83352 0)
(3.10694 2.14828 0)
(11.6873 8.03968 0)
(13.8237 5.99434 0)
(5.22505 3.96521 0)
(12.8668 7.23074 0)
(5.88848 3.71796 0)
(4.99131 4.80683 0)
(9.3165 7.69937 0)
(3.34089 3.6353 0)
(4.39541 0.39425 0)
(7.20623 0.396844 0)
(13.069 8.05532 0)
(13.2721 4.80706 0)
(4.98212 4.60213 0)
(2.46648 7.55191 0)
(4.42497 4.14112 0)
(8.25591 3.49084 0)
(5.15583 6.57441 0)
(4.95851 4.49335 0)
(5.49132 6.76294 0)
(4.58188 3.81898 0)
(5.34925 6.43955 0)
(8.70783 1.69624 0)
(3.50636 6.26512 0)
(8.04947 4.37378 0)
(2.95355 4.24838 0)
(3.4359 7.23629 0)
(14.0035 5.25122 0)
(0.505772 5.52559 0)
(2.96662 6.3432 0)
(8.67201 7.58111 0)
(6.4119 3.68119 0)
(3.12716 5.74395 0)
(0.812269 9.55138 0)
(0.470085 2.0743 0)
(0.538302 3.6077 0)
(0.535066 6.38599 0)
(6.09585 7.12371 0)
(0.888841 2.11774 0)
(3.05171 5.95499 0)
(12.8137 3.27865 0)
(2.68185 0.363572 0)
(3.1798 6.14616 0)
(5.62001 6.31535 0)
(5.81058 5.17409 0)
(4.62063 4.34745 0)
(5.03671 8.8898 0)
(4.39115 6.52792 0)
(4.42902 4.34798 0)
(4.23274 5.94566 0)
(11.5485 8.7537 0)
(4.2772 3.52063 0)
(2.84649 5.97482 0)
(8.06235 3.76423 0)
(12.8261 4.81451 0)
(4.64973 1.64382 0)
(10.2084 6.43322 0)
(11.6741 9.6168 0)
(5.33057 4.77256 0)
(9.93995 3.01118 0)
(4.8667 7.45804 0)
(13.0679 1.90362 0)
(2.03498 6.55185 0)
(1.13566 0.943327 0)
(9.91737 4.26445 0)
(11.6741 0.3832 0)
(4.90921 4.29708 0)
(12.9841 6.50364 0)
(6.75906 4.71802 0)
(4.57511 5.4001 0)
(3.66461 3.44148 0)
(4.78602 5.95963 0)
(2.86544 5.74728 0)
(0.39067 8.77143 0)
(5.6423 4.52772 0)
(6.27287 4.49678 0)
(8.30845 1.0252 0)
(11.5359 1.27554 0)
(3.45869 7.96627 0)
(5.51994 7.88525 0)
(1.31333 5.00659 0)
(2.13661 5.23701 0)
(3.09888 6.58192 0)
(2.0553 3.47716 0)
(4.69842 3.89131 0)
(5.45733 5.61096 0)
(11.3538 5.16886 0)
(11.8789 8.91314 0)
(0.443691 0.443691 0)
(2.52652 5.06906 0)
(2.52746 4.92929 0)
(3.06778 3.09481 0)
(4.97847 5.15714 0)
(7.57945 7.02423 0)
(4.63203 2.17295 0)
(2.10292 3.08331 0)
(9.73756 6.27649 0)
(3.99217 6.27314 0)
(4.00491 3.71279 0)
(4.48108 5.55103 0)
(11.7466 4.59164 0)
(4.221 4.04206 0)
(13.214 9.60913 0)
(3.49288 6.90353 0)
(11.8767 1.09324 0)
(10.1845 3.57893 0)
(2.00776 5.56047 0)
(2.56867 3.92515 0)
(2.56792 6.075 0)
(14.6136 1.80917 0)
(2.69061 2.42669 0)
(13.214 0.390868 0)
(2.4886 9.11207 0)
(12.3317 8.32452 0)
(8.23221 4.0853 0)
(7.66055 4.31336 0)
(2.56381 2.83116 0)
(5.22654 4.50185 0)
(0.898445 1.33226 0)
(8.17965 2.84495 0)
(7.28718 6.57137 0)
(4.50066 7.48593 0)
(2.92218 4.60163 0)
(2.92289 5.40334 0)
(14.0146 3.74984 0)
(7.74733 8.59444 0)
(4.48202 3.94055 0)
(14.6339 8.25 0)
(3.82951 3.45437 0)
(1.80586 9.09273 0)
(6.32834 3.23049 0)
(14.1239 2.33742 0)
(2.83618 4.23533 0)
(2.40606 3.20373 0)
(3.1101 3.95302 0)
(12.3042 1.64196 0)
(3.94459 6.65866 0)
(11.6765 5.37548 0)
(3.59854 3.58074 0)
(7.62865 5.59304 0)
(2.42034 6.78362 0)
(9.38382 8.34732 0)
(4.17527 3.71727 0)
(5.97726 5.92348 0)
(10.7518 3.36277 0)
(7.27104 1.64778 0)
(5.78489 5.36781 0)
(3.39637 6.11312 0)
(4.0609 6.43875 0)
(5.48696 2.99753 0)
(3.46035 2.45309 0)
(14.0333 6.40028 0)
(7.2277 5.21055 0)
(11.4528 3.72681 0)
(3.04581 8.19185 0)
(8.77207 4.40581 0)
(9.12562 3.67465 0)
(6.11018 5.4277 0)
(14.5623 0.97461 0)
(4.57783 2.94636 0)
(7.65389 6.77315 0)
(2.98006 5.47121 0)
(10.0436 2.23278 0)
(14.579 3.23454 0)
(1.86007 4.9241 0)
(5.9439 4.79806 0)
(3.2852 3.83411 0)
(4.82933 5.25537 0)
(3.9235 3.59241 0)
(2.45665 7.14195 0)
(6.76736 6.4769 0)
(5.69046 2.56013 0)
(5.36872 0.854025 0)
(5.67334 4.28282 0)
(3.134 4.28684 0)
(8.60407 4.7129 0)
(4.1975 6.64383 0)
(5.91019 0.942973 0)
(4.33787 3.40146 0)
(3.74785 3.39275 0)
(5.15036 3.82644 0)
(10.9578 4.55672 0)
(9.52267 9.11251 0)
(2.14041 6.88515 0)
(4.1576 6.0263 0)
(4.45899 4.43995 0)
(2.74794 5.16747 0)
(2.74794 4.83253 0)
(2.73316 7.1102 0)
(3.34073 6.25969 0)
(9.64905 6.88782 0)
(8.58334 4.09365 0)
(3.44787 3.80926 0)
(3.93153 2.24894 0)
(5.24239 5.24575 0)
(1.75956 0.446712 0)
(8.63526 2.79092 0)
(2.2503 4.46016 0)
(10.6887 6.57027 0)
(0.364306 7.82093 0)
(3.04647 6.1131 0)
(5.03833 3.57253 0)
(5.14713 3.43987 0)
(9.36033 0.993131 0)
(6.33976 6.4199 0)
(5.28493 2.77829 0)
(8.7724 8.70352 0)
(3.23657 4.12836 0)
(6.46877 8.06386 0)
(5.75013 7.70307 0)
(6.76387 5.25784 0)
(14.0355 9.57053 0)
(6.14968 5.20085 0)
(14.0355 0.429467 0)
(3.08346 5.63296 0)
(2.45061 5.32934 0)
(2.46152 4.67339 0)
(2.75114 1.03422 0)
(5.27717 7.42601 0)
(2.97351 4.54022 0)
(4.87868 7.69126 0)
(1.92805 4.30065 0)
(10.0023 5.2467 0)
(3.97813 8.08093 0)
(4.05239 3.80928 0)
(2.75167 3.46464 0)
(2.15378 2.61897 0)
(4.64234 6.54248 0)
(1.71023 7.07624 0)
(2.88902 1.74858 0)
(12.9189 4.06812 0)
(13.9864 7.84311 0)
(1.09578 5.28024 0)
(1.07749 4.72769 0)
(4.50426 1.92546 0)
(1.74579 7.5643 0)
(1.72268 2.89826 0)
(5.30461 5.70946 0)
(3.60123 6.44072 0)
(7.55107 5.23737 0)
(3.68948 7.74925 0)
(4.01708 1.06958 0)
(8.63946 8.27979 0)
(8.2666 6.47985 0)
(7.5511 0.963743 0)
(6.01197 4.24749 0)
(6.15557 2.82499 0)
(5.71312 6.57932 0)
(4.02723 1.68736 0)
(3.33293 2.04092 0)
(7.4975 6.13529 0)
(11.3401 2.59743 0)
(6.83352 5.97678 0)
(3.04038 3.57389 0)
(4.31863 3.80741 0)
(9.45636 1.7009 0)
(12.7845 6.85172 0)
(5.22819 5.36559 0)
(4.99834 6.05754 0)
(9.65592 9.61366 0)
(4.71104 7.16448 0)
(3.55881 6.34237 0)
(4.43301 6.29745 0)
(2.60423 8.44852 0)
(7.60678 3.29776 0)
(2.82318 4.76792 0)
(2.82318 5.23208 0)
(5.1724 6.08456 0)
(12.578 5.26803 0)
(6.56804 3.13451 0)
(6.13159 6.09482 0)
(11.8745 6.035 0)
(9.7475 0.329309 0)
(2.97407 7.09358 0)
(3.02953 5.80804 0)
(9.77617 3.71897 0)
(2.21056 9.66747 0)
(1.57173 3.62935 0)
(1.57015 6.36493 0)
(4.50901 4.19448 0)
(14.6482 4.21163 0)
(7.66367 7.88492 0)
(0.963144 0.406245 0)
(3.75657 7.32827 0)
(2.63153 4.08865 0)
(2.63161 5.90629 0)
(9.26836 2.11398 0)
(3.30474 0.809825 0)
(7.71099 1.41478 0)
(5.08512 5.70615 0)
(0.770875 7.18811 0)
(6.32433 5.55881 0)
(4.62864 3.32828 0)
(5.92719 4.6026 0)
(0.770841 2.81354 0)
(8.11032 7.63452 0)
(7.24258 4.66205 0)
(1.63918 3.3234 0)
(1.64326 6.67801 0)
(3.29431 8.17961 0)
(9.18374 6.9647 0)
(10.6011 5.03303 0)
(3.20196 3.96905 0)
(2.71658 4.92444 0)
(2.71658 5.07556 0)
(7.02907 8.68792 0)
(3.57762 3.3934 0)
(4.73517 5.7408 0)
(4.32812 6.00939 0)
(13.7978 8.18851 0)
(4.76983 0.322624 0)
(6.4031 4.09365 0)
(3.03483 7.43352 0)
(3.50573 8.98495 0)
(3.15682 3.32425 0)
(3.42861 1.75765 0)
(0.38326 9.61982 0)
(1.89261 5.73928 0)
(1.53851 0.889438 0)
(14.0968 3.0232 0)
(1.49414 4.43413 0)
(1.49564 5.57344 0)
(7.27014 9.65107 0)
(6.14075 4.84067 0)
(4.26885 7.75571 0)
(4.86886 7.05374 0)
(6.22653 7.6038 0)
(2.6751 5.32716 0)
(2.6751 4.67284 0)
(4.26565 5.85934 0)
(3.15987 5.94625 0)
(6.57905 3.92642 0)
(4.42851 3.66057 0)
(3.9639 2.86618 0)
(9.81472 1.58868 0)
(6.92875 7.21408 0)
(3.24088 6.07457 0)
(4.14533 2.18622 0)
(3.66551 6.49931 0)
(4.68682 4.0172 0)
(0.354891 0.838578 0)
(14.597 9.06796 0)
(4.68976 3.61446 0)
(12.0264 4.78266 0)
(0.365847 4.23636 0)
(2.83284 6.09578 0)
(4.10146 3.323 0)
(4.62878 8.02198 0)
(2.27419 7.66887 0)
(1.4376 8.15312 0)
(5.82529 6.2086 0)
(1.30734 9.66157 0)
(2.43575 2.09916 0)
(4.91744 5.48774 0)
(5.51694 8.49246 0)
(8.59403 7.2374 0)
(2.35629 3.70885 0)
(2.35259 6.31715 0)
(4.8905 4.80756 0)
(3.84491 6.49754 0)
(3.48027 3.48799 0)
(2.79644 5.84736 0)
(11.3151 6.79146 0)
(5.31342 6.78868 0)
(14.6575 6.71598 0)
(2.83047 7.45348 0)
(3.07141 2.40326 0)
(0.767112 4.83659 0)
(7.56752 9.00937 0)
(2.13223 4.71612 0)
(4.52071 4.28385 0)
(5.16443 8.52572 0)
(5.29167 2.53531 0)
(4.42715 6.17615 0)
(8.74174 3.79557 0)
(13.1866 1.26336 0)
(12.6465 7.98854 0)
(10.2134 8.98666 0)
(1.01276 8.19798 0)
(6.5 7.22696 0)
(9.86678 1.10398 0)
(5.3403 7.14549 0)
(6.60388 1.53679 0)
(4.72566 4.84518 0)
(5.1585 4.39985 0)
(0.849252 7.84624 0)
(4.66952 7.80123 0)
(4.71322 4.22429 0)
(8.12151 3.19866 0)
(11.2544 9.65134 0)
(0.83992 9.05035 0)
(9.67342 5.89129 0)
(3.63779 7.54125 0)
(6.74516 7.61941 0)
(12.6119 2.01168 0)
(5.74431 5.64259 0)
(7.15522 5.51473 0)
(5.70421 5.8326 0)
(11.2621 0.343733 0)
(6.99552 5.12034 0)
(5.38656 3.9756 0)
(5.16139 4.09428 0)
(3.45674 7.50389 0)
(0.295536 1.73914 0)
(4.36026 4.2889 0)
(6.85816 9.04809 0)
(4.33865 7.14686 0)
(5.01678 2.02332 0)
(8.74937 5.67394 0)
(13.1532 8.72811 0)
(6.60386 9.63318 0)
(3.24388 9.16747 0)
(6.98881 7.74718 0)
(6.96382 8.08874 0)
(9.6513 4.03274 0)
(11.6133 5.74596 0)
(3.75013 2.1078 0)
(11.7378 2.34874 0)
(2.67309 2.18885 0)
(1.42801 1.90935 0)
(7.20532 8.29218 0)
(8.54571 6.59958 0)
(2.77553 4.10884 0)
(14.1525 7.1195 0)
(4.49179 1.41251 0)
(4.03907 6.53809 0)
(4.22794 1.93523 0)
(10.7804 9.6845 0)
(9.24166 5.91569 0)
(7.91548 9.62985 0)
(7.23611 3.98467 0)
(6.33752 5.17134 0)
(2.83965 3.90392 0)
(7.3556 5.70661 0)
(13.9791 4.44381 0)
(6.01725 5.74748 0)
(4.14969 6.2646 0)
(10.7817 0.315522 0)
(2.17867 8.96261 0)
(3.23198 6.22921 0)
(6.20395 1.28564 0)
(3.07433 6.79215 0)
(4.28896 6.73224 0)
(3.90445 3.3985 0)
(1.19148 5.55585 0)
(1.19149 4.43434 0)
(3.78741 6.58125 0)
(5.64012 5.12548 0)
(3.73779 6.75664 0)
(5.89815 2.05448 0)
(5.89139 3.27223 0)
(10.4603 5.57991 0)
(8.87958 2.10828 0)
(11.0876 7.69108 0)
(3.76767 1.82889 0)
(0.353229 8.37577 0)
(4.18679 8.39397 0)
(4.1014 3.64614 0)
(4.96824 4.97993 0)
(4.56332 6.68255 0)
(5.43554 5.94301 0)
(6.53501 5.84983 0)
(4.27985 2.40285 0)
(4.74996 6.10123 0)
(3.9263 8.63765 0)
(2.68691 7.65607 0)
(5.35392 5.16009 0)
(7.11637 3.25156 0)
(2.53634 4.42064 0)
(2.53145 5.5786 0)
(11.0283 5.54953 0)
(6.1625 6.74029 0)
(2.71053 2.98815 0)
(5.35104 2.24289 0)
(2.4284 4.20948 0)
(2.42784 5.79061 0)
(7.74282 7.23715 0)
(4.50941 5.9092 0)
(4.6209 6.12105 0)
(6.00603 6.4559 0)
(7.00839 1.32473 0)
(1.93642 7.84179 0)
(4.80962 3.70176 0)
(13.7542 1.77301 0)
(13.7581 5.53293 0)
(4.62885 6.30749 0)
(5.86534 6.81023 0)
(3.66866 3.22578 0)
(5.17848 4.61247 0)
(7.91404 9.2631 0)
(4.6761 5.238 0)
(4.24974 9.69611 0)
(6.56051 5.63873 0)
(11.8062 7.70465 0)
(7.322 7.0441 0)
(9.67412 7.64141 0)
(13.318 5.33157 0)
(5.04393 6.45438 0)
(4.67652 4.52523 0)
(8.06713 5.45874 0)
(2.6885 1.57302 0)
(6.50129 7.7418 0)
(6.97212 6.28456 0)
(13.3583 6.59453 0)
(4.36189 5.70824 0)
(4.01289 3.51502 0)
(1.42658 2.44031 0)
(3.94444 2.51369 0)
(7.644 2.13419 0)
(2.03443 4.87226 0)
(3.89984 6.994 0)
(4.61505 5.55099 0)
(4.51622 3.25134 0)
(3.19767 5.79759 0)
(1.47486 5.98841 0)
(1.47486 4.01159 0)
(4.26353 6.51973 0)
(1.4834 9.10647 0)
(2.88136 2.48298 0)
(6.7677 3.48356 0)
(13.3818 4.07867 0)
(3.9326 3.29837 0)
(1.88561 5.16163 0)
(2.83683 5.57877 0)
(2.84937 4.43394 0)
(7.90464 0.361922 0)
(13.6912 4.71346 0)
(8.75678 6.1819 0)
(2.34183 1.04705 0)
(6.72195 4.43711 0)
(9.2479 4.07635 0)
(5.3691 6.16196 0)
(4.76994 6.86151 0)
(5.20026 4.72531 0)
(5.09735 4.80737 0)
(1.95371 2.16542 0)
(5.11261 6.9192 0)
(5.20081 5.92257 0)
(7.22898 7.55913 0)
(5.69668 7.17817 0)
(3.90403 7.8015 0)
(8.12884 2.39933 0)
(3.65657 6.98205 0)
(6.24252 5.76284 0)
(5.08659 5.40123 0)
(3.13189 2.77424 0)
(8.70242 1.25021 0)
(3.60773 6.64596 0)
(11.1021 4.27983 0)
(10.0662 9.63605 0)
(9.73172 5.4629 0)
(0.286437 6.15015 0)
(0.313904 3.86738 0)
(2.88734 2.02819 0)
(6.65346 8.27644 0)
(3.19136 6.4511 0)
(5.07186 7.80133 0)
(5.0829 8.00194 0)
(1.33095 7.16625 0)
(1.33095 2.83375 0)
(4.47688 7.67687 0)
(12.5032 4.08251 0)
(0.850639 6.84631 0)
(0.850611 3.15407 0)
(3.42483 6.42057 0)
(10.0662 0.36395 0)
(5.02391 7.34105 0)
(7.33977 3.43946 0)
(4.75796 6.3023 0)
(12.2667 4.59134 0)
(3.13252 3.78846 0)
(4.65127 5.65932 0)
(5.11153 1.31071 0)
(8.33674 6.11142 0)
(3.60261 9.66785 0)
(8.08874 8.66642 0)
(10.2356 1.02821 0)
(2.63617 7.9791 0)
(4.78838 3.06065 0)
(2.36074 5.50866 0)
(5.71515 0.3052 0)
(4.26982 3.88259 0)
(3.14972 1.63728 0)
(4.96933 6.16336 0)
(2.69401 3.15922 0)
(12.6195 9.09756 0)
(2.99215 0.368268 0)
(3.90956 1.32704 0)
(3.9411 3.66093 0)
(11.6896 4.2907 0)
(6.358 2.7145 0)
(5.01315 6.731 0)
(2.55287 4.81207 0)
(2.55223 5.18871 0)
(3.63645 7.17743 0)
(4.97457 2.45886 0)
(6.02482 7.81257 0)
(5.90716 1.55667 0)
(5.62731 5.37105 0)
(3.74357 3.29835 0)
(12.6195 0.902438 0)
(13.8063 4.09698 0)
(3.97654 6.58219 0)
(7.92304 0.743183 0)
(12.312 9.71851 0)
(11.6667 7.42601 0)
(5.10372 3.11573 0)
(12.312 0.281417 0)
(2.24203 2.32472 0)
(4.07351 6.28574 0)
(4.79386 4.10029 0)
(2.11992 5.41587 0)
(3.92794 6.33354 0)
(6.63357 0.852309 0)
(0.789095 5.21274 0)
(2.29669 8.44196 0)
(12.2607 5.54008 0)
(5.03347 3.28394 0)
(9.2373 8.05332 0)
(7.27052 9.32881 0)
(1.89608 1.46456 0)
(2.33568 4.01906 0)
(2.33539 5.98114 0)
(10.717 7.74048 0)
(10.2156 7.23478 0)
(6.99338 3.73864 0)
(4.54009 3.55887 0)
(4.3146 4.01914 0)
(6.88339 6.98289 0)
(2.95413 5.71815 0)
(0.26387 5.7932 0)
(9.49815 6.48137 0)
(10.8409 6.24771 0)
(2.22679 3.79542 0)
(2.24171 6.19475 0)
(3.35145 3.9741 0)
(8.01033 7.32425 0)
(1.23464 3.59244 0)
(1.23453 6.40715 0)
(5.28369 7.69053 0)
(9.86487 8.93773 0)
(1.85863 2.62185 0)
(4.87695 2.20808 0)
(6.09734 8.44863 0)
(10.4612 8.65031 0)
(6.00346 3.58778 0)
(7.52434 2.95766 0)
(9.52401 4.65189 0)
(3.21706 3.46053 0)
(5.42824 5.01737 0)
(3.42712 1.10141 0)
(4.20085 6.0957 0)
(2.2073 1.51548 0)
(6.94116 1.92052 0)
(3.65629 3.51814 0)
(2.88534 8.40003 0)
(3.17942 3.62042 0)
(10.6189 2.63012 0)
(5.61507 0.979581 0)
(9.4978 3.54256 0)
(11.3076 7.98174 0)
(6.73625 7.35949 0)
(4.10379 7.05832 0)
(4.41341 2.77501 0)
(4.23741 7.96119 0)
(11.3168 5.7949 0)
(8.09182 1.32278 0)
(4.73203 5.50824 0)
(4.71216 4.42719 0)
(13.6374 2.9636 0)
(10.6934 2.29091 0)
(3.52461 6.75693 0)
(8.31773 1.78018 0)
(14.7372 9.73721 0)
(1.49874 5.17124 0)
(6.47333 2.25246 0)
(3.50598 6.50143 0)
(14.7156 0.284416 0)
(4.12611 8.94825 0)
(6.02984 7.38656 0)
(6.20567 6.90768 0)
(4.82513 5.87249 0)
(1.99943 3.29813 0)
(10.4725 1.3475 0)
(8.89976 5.40791 0)
(3.34374 6.35203 0)
(2.20691 3.48931 0)
(6.64319 6.6963 0)
(4.14415 2.57252 0)
(10.0183 1.82576 0)
(5.94162 4.05904 0)
(0.795726 3.42319 0)
(0.791819 6.58577 0)
(1.88771 4.54075 0)
(3.68906 6.57055 0)
(1.49943 4.84475 0)
(8.74095 3.2118 0)
(2.83666 4.5842 0)
(2.838 5.42356 0)
(5.56643 6.64429 0)
(4.82301 4.98026 0)
(4.00857 7.47279 0)
(4.90095 3.9404 0)
(7.16526 7.27636 0)
(3.06778 4.02889 0)
(5.6548 6.01422 0)
(3.30482 5.94238 0)
(2.0875 4.13735 0)
(2.08039 5.86929 0)
(8.30783 8.2268 0)
(3.31767 3.1152 0)
(3.87539 6.82875 0)
(3.38773 3.3315 0)
(9.10322 9.15166 0)
(0.303831 2.358 0)
(10.4697 4.41621 0)
(2.32246 1.84727 0)
(5.33507 5.42949 0)
(11.3817 6.35312 0)
(5.54908 6.20347 0)
(2.64621 5.67247 0)
(2.65985 4.31891 0)
(3.38341 8.65125 0)
(9.26594 3.01027 0)
(8.56894 3.49658 0)
(9.14731 6.53454 0)
(7.89377 6.72367 0)
(14.7223 4.81115 0)
(2.21579 7.13176 0)
(2.65381 5.22455 0)
(2.65387 4.77551 0)
(9.04039 3.27976 0)
(11.6917 6.32289 0)
(4.88298 5.68258 0)
(4.24671 3.27768 0)
(3.41924 2.64786 0)
(2.65818 8.91098 0)
(0.359004 7.51108 0)
(2.2357 6.49177 0)
(9.04649 4.96724 0)
(4.20192 3.90187 0)
(9.25 9.75634 0)
(13.0454 1.54911 0)
(3.77095 8.19119 0)
(6.30753 6.21746 0)
(9.60193 3.19218 0)
(5.96916 8.75089 0)
(4.13208 3.7949 0)
(7.41214 6.78516 1)
(7.34775 3.18837 1)
(5.50263 7.56033 1)
(5.48412 2.40094 1)
(10.9748 5 1)
(5.93901 6.07776 1)
(5.97167 3.90493 1)
(2.0319 7.58838 1)
(1.67432 6.11624 1)
(2.019 2.41112 1)
(1.67432 3.88376 1)
(4.96269 6.58284 1)
(4.97538 3.44068 1)
(7.39342 4.92601 1)
(2.58385 3.34976 1)
(2.58385 6.65024 1)
(9.92493 7.39034 1)
(4.30151 7.54725 1)
(3.29981 2.28469 1)
(5.18296 5.79409 1)
(5.78433 4.94964 1)
(9.92493 2.60966 1)
(5.27072 4.36776 1)
(4.33919 2.61467 1)
(3.26114 7.40608 1)
(12.455 7.08706 1)
(12.4554 2.92614 1)
(4.34364 6.85687 1)
(2.48047 4.07909 1)
(2.48047 5.92091 1)
(4.79958 3.99765 1)
(8.92204 5.91667 1)
(4.38646 3.25723 1)
(1.63665 5.02419 1)
(4.67174 6.02157 1)
(3.19737 3.18859 1)
(2.28835 5.36478 1)
(2.28835 4.63522 1)
(8.9198 4.08043 1)
(6.90541 8.41414 1)
(3.19638 6.70674 1)
(12.9928 5.15182 1)
(5.12808 5.29384 1)
(8.4372 7.89453 1)
(2.91863 3.78992 1)
(2.9172 6.19758 1)
(6.9181 1.62731 1)
(6.36012 7.03234 1)
(3.64153 8.71625 1)
(4.83567 8.60365 1)
(4.19803 1.35035 1)
(8.43732 2.1168 1)
(4.34165 6.3873 1)
(4.78432 5.6315 1)
(6.52052 5.37646 1)
(6.52763 4.56449 1)
(4.43935 3.78166 1)
(11.3172 8.35905 1)
(3.73712 2.86504 1)
(11.3283 1.67717 1)
(5.19559 4.85213 1)
(2.54377 1.29665 1)
(3.7999 7.10742 1)
(4.85053 4.42227 1)
(6.35379 2.98525 1)
(11.0773 6.484 1)
(5.662 5.50413 1)
(4.87807 7.23298 1)
(11.095 3.52146 1)
(13.4078 8.38473 1)
(6.77576 6.21007 1)
(5.69048 6.75758 1)
(13.3897 1.6103 1)
(1.31053 1.32875 1)
(2.73365 2.67169 1)
(2.74255 8.20954 1)
(1.58148 8.76444 1)
(7.63986 5.90693 1)
(3.28092 3.55177 1)
(2.66192 4.42812 1)
(2.66192 5.57188 1)
(9.71344 5.01317 1)
(5.31325 3.82341 1)
(5.38582 1.19977 1)
(5.8331 8.56948 1)
(13.6061 3.78805 1)
(5.6665 3.23158 1)
(9.58297 8.67409 1)
(8.45826 6.89427 1)
(1.09025 7.03761 1)
(1.09025 2.96239 1)
(2.90804 4.1257 1)
(2.92883 5.86746 1)
(3.23407 6.3308 1)
(13.6283 6.35207 1)
(4.06107 6.65036 1)
(5.43573 6.27982 1)
(9.58297 1.32591 1)
(4.61386 4.23313 1)
(12.0819 4.32789 1)
(4.42474 6.06451 1)
(6.74617 3.72708 1)
(7.88753 4.09119 1)
(8.43246 5 1)
(4.1976 3.61444 1)
(1.81849 3.1309 1)
(1.83207 6.83682 1)
(10.0672 6.07107 1)
(4.87814 7.97047 1)
(4.78901 1.90598 1)
(10.0571 3.91574 1)
(11.9422 5.66548 1)
(8.42293 3.17578 1)
(3.47963 3.37677 1)
(4.00594 3.40295 1)
(4.9261 4.71026 1)
(2.59046 4.70282 1)
(2.59046 5.29718 1)
(3.3947 6.53241 1)
(4.76766 2.87178 1)
(6.28247 7.87035 1)
(6.97377 7.46936 1)
(5.79383 4.42844 1)
(4.8543 5.36104 1)
(4.5247 5.81549 1)
(0.887915 5.5879 1)
(0.813834 4.43161 1)
(2.3954 4.99414 1)
(7.89472 8.88324 1)
(2.62661 7.3184 1)
(3.72514 7.97642 1)
(1.17899 7.91397 1)
(3.36126 1.42338 1)
(5.08307 6.1737 1)
(3.9663 1.98751 1)
(7.89844 1.0887 1)
(13.8622 2.67319 1)
(2.6402 1.90631 1)
(12.3373 8.76695 1)
(6.20172 2.14306 1)
(12.3373 1.23305 1)
(3.18652 3.86558 1)
(3.63685 6.82454 1)
(7.76623 7.55926 1)
(4.40749 4.033 1)
(5.57512 5.89964 1)
(2.19623 3.62611 1)
(2.16481 6.34976 1)
(3.14738 6.04648 1)
(6.99991 2.4823 1)
(13.8826 7.44146 1)
(9.36113 6.72291 1)
(4.70462 6.40668 1)
(4.31249 8.16589 1)
(5.47607 5.11545 1)
(6.1187 5.61108 1)
(6.16813 6.54686 1)
(5.26648 6.96486 1)
(10.81 7.38582 1)
(7.24277 4.29052 1)
(13.9935 4.83015 1)
(2.87026 9.11514 1)
(1.76571 5.55434 1)
(1.7315 4.43369 1)
(10.9797 2.54976 1)
(4.12644 6.35184 1)
(5.02297 5.05502 1)
(9.33702 3.28765 1)
(6.28925 0.921513 1)
(10.6458 8.97167 1)
(4.07985 3.03748 1)
(3.81024 3.20125 1)
(1.26979 2.16028 1)
(3.31263 2.74781 1)
(10.6515 1.01665 1)
(7.02612 5.78695 1)
(4.66199 3.46453 1)
(6.30828 4.98346 1)
(1.98327 1.82122 1)
(0.960567 3.69012 1)
(0.960567 6.30988 1)
(5.25207 3.01276 1)
(2.91779 3.45856 1)
(2.90938 4.35598 1)
(2.91069 5.6341 1)
(4.68299 6.73082 1)
(5.50014 4.65878 1)
(4.62387 4.45351 1)
(6.51112 9.19251 1)
(5.87191 7.24178 1)
(7.76961 2.55933 1)
(12.7364 6.11199 1)
(4.56062 5.61266 1)
(5.03095 5.5504 1)
(5.31354 5.54981 1)
(4.93031 5.90624 1)
(5.03426 4.17204 1)
(2.56363 3.71888 1)
(2.56363 6.28112 1)
(4.26574 9.21283 1)
(4.21418 3.81747 1)
(3.44699 3.07449 1)
(5.54667 4.12704 1)
(9.01019 7.3654 1)
(8.73129 9.11287 1)
(6.38151 6.00429 1)
(12.1358 7.94558 1)
(7.94529 6.46254 1)
(6.83754 6.75465 1)
(2.3062 2.93283 1)
(12.1595 2.04794 1)
(8.7954 0.882246 1)
(10.3878 8.14125 1)
(2.88286 3.08379 1)
(3.35593 3.75611 1)
(3.15084 4.06254 1)
(5.40009 9.15351 1)
(2.95113 6.49408 1)
(4.64548 5.44921 1)
(14.0954 9.09851 1)
(14.0801 0.918934 1)
(6.14271 3.42989 1)
(4.2004 6.18368 1)
(4.17612 7.18536 1)
(8.32327 5.71151 1)
(6.78769 4.99839 1)
(10.3928 1.87273 1)
(9.09728 2.5332 1)
(10.7291 5.83297 1)
(5.33129 8.17587 1)
(12.6917 3.74592 1)
(2.03673 8.21408 1)
(4.72038 4.61546 1)
(3.33911 7.02405 1)
(2.86276 6.92961 1)
(5.71254 1.81492 1)
(10.7311 4.24976 1)
(7.60903 8.21758 1)
(0.805545 8.587 1)
(3.69111 0.824505 1)
(2.75395 4.62085 1)
(2.75395 5.37915 1)
(7.10081 0.831472 1)
(3.47299 3.58849 1)
(1.98182 0.85236 1)
(2.13614 5.71436 1)
(2.15198 4.29674 1)
(4.73146 0.732612 1)
(6.21929 4.27027 1)
(5.97239 5.28776 1)
(3.85477 7.54986 1)
(11.6327 7.05136 1)
(2.0448 5.04374 1)
(10.3561 6.83243 1)
(9.12547 5.20448 1)
(4.74838 2.4181 1)
(3.72792 2.40027 1)
(11.8952 3.56363 1)
(14.169 5.62797 1)
(4.5312 7.1487 1)
(5.36164 6.63475 1)
(5.79023 6.41697 1)
(7.247 6.27905 1)
(3.19293 7.94474 1)
(3.84087 6.6902 1)
(10.362 3.24151 1)
(5.88636 2.73958 1)
(4.97834 3.75309 1)
(5.35161 3.45104 1)
(11.5166 9.19702 1)
(4.02122 6.93074 1)
(2.31655 6.98792 1)
(3.96091 6.48557 1)
(11.5166 0.802978 1)
(13.0354 7.65149 1)
(5.07927 4.52444 1)
(11.671 2.77458 1)
(4.70511 3.7468 1)
(13.0326 2.35072 1)
(7.63746 1.78802 1)
(13.0964 9.14563 1)
(14.135 1.88354 1)
(13.0985 0.846604 1)
(3.12861 5.85843 1)
(14.1943 8.19262 1)
(3.43655 6.32255 1)
(3.31042 6.15896 1)
(6.10264 4.65005 1)
(1.00667 5.00891 1)
(7.87466 4.66534 1)
(11.996 6.41988 1)
(4.86823 5.16127 1)
(5.64474 3.7042 1)
(11.6922 4.95934 1)
(9.54392 4.34041 1)
(2.44193 7.81875 1)
(0.726942 0.846572 1)
(2.14774 9.27893 1)
(2.73273 3.97299 1)
(2.72351 6.02688 1)
(9.58237 7.96747 1)
(4.95122 6.89589 1)
(7.82742 5.34185 1)
(4.33633 5.9049 1)
(7.93913 3.43802 1)
(1.56133 7.31257 1)
(1.56133 2.68743 1)
(13.2622 3.12487 1)
(9.46849 5.65265 1)
(5.30572 6.04233 1)
(7.19694 8.99717 1)
(4.42934 4.2359 1)
(4.53687 6.24578 1)
(4.38225 2.16971 1)
(14.2109 3.39578 1)
(4.29956 6.62536 1)
(4.91315 4.90875 1)
(10.3593 5.23651 1)
(0.675539 1.72164 1)
(7.28415 3.7313 1)
(6.82744 3.22148 1)
(13.1188 4.40404 1)
(2.95373 0.684071 1)
(4.01395 3.6047 1)
(4.73531 5.84378 1)
(4.40194 2.93693 1)
(4.40906 3.54507 1)
(1.40997 3.41013 1)
(1.40997 6.58987 1)
(6.32512 3.87806 1)
(3.06439 4.2397 1)
(8.41288 4.39071 1)
(8.5022 6.3163 1)
(6.25173 1.60595 1)
(14.2594 6.75036 1)
(1.15571 9.30287 1)
(4.63112 3.17645 1)
(4.80945 4.20543 1)
(10.188 4.53552 1)
(4.68143 7.57327 1)
(5.0721 7.57021 1)
(5.8498 5.75268 1)
(5.08309 2.66927 1)
(2.42703 8.73757 1)
(3.49712 9.33661 1)
(2.92002 7.63057 1)
(9.08516 1.79592 1)
(0.661383 2.45707 1)
(2.68797 5.78249 1)
(2.69872 4.21341 1)
(4.52104 6.56315 1)
(13.1506 6.89213 1)
(0.662447 7.54544 1)
(8.94826 4.71875 1)
(8.99543 8.36815 1)
(7.88292 6.99773 1)
(4.59886 3.93756 1)
(5.31215 4.10723 1)
(14.2638 4.13043 1)
(4.78214 1.32909 1)
(11.4024 4.12047 1)
(2.20737 3.30894 1)
(3.60273 6.55114 1)
(2.63969 4.87705 1)
(2.63969 5.12295 1)
(2.38988 5.65214 1)
(2.38988 4.34786 1)
(8.42153 3.7925 1)
(5.22595 5.11543 1)
(3.12099 1.89323 1)
(13.415 5.71601 1)
(4.85481 6.22742 1)
(6.51472 7.47169 1)
(12.3674 4.8947 1)
(5.82143 7.96124 1)
(9.91695 9.29758 1)
(11.3895 5.52231 1)
(1.34701 5.79758 1)
(1.34701 4.20242 1)
(3.39676 6.76766 1)
(2.89381 2.2839 1)
(6.03065 6.88193 1)
(2.48777 2.32943 1)
(5.67264 0.650666 1)
(9.86086 0.695103 1)
(4.20301 8.67666 1)
(4.79044 4.79997 1)
(1.95649 4.72222 1)
(6.67208 4.15904 1)
(6.38415 8.40732 1)
(4.09751 7.83393 1)
(6.69519 5.7869 1)
(6.98014 5.34718 1)
(3.65771 3.33096 1)
(9.70135 1.99981 1)
(6.52334 6.52984 1)
(5.3004 1.95449 1)
(1.36946 4.65235 1)
(1.36946 5.34765 1)
(3.56183 1.97752 1)
(3.18727 8.4711 1)
(5.18313 6.40609 1)
(8.35368 7.43473 1)
(4.25631 3.96584 1)
(3.073 3.7076 1)
(3.06412 2.93897 1)
(8.39206 8.57894 1)
(5.35611 5.31916 1)
(5.68647 5.25898 1)
(0.519457 6.78322 1)
(0.519351 3.21704 1)
(5.45348 4.86685 1)
(5.50946 7.29255 1)
(5.53349 4.38288 1)
(6.71997 7.89824 1)
(4.00956 2.69497 1)
(7.44896 7.3132 1)
(4.21481 3.40479 1)
(11.4848 7.70651 1)
(6.98886 4.55672 1)
(4.82313 9.21631 1)
(4.74922 5.29167 1)
(5.30342 4.62492 1)
(4.43544 5.7556 1)
(4.51637 4.37823 1)
(4.23832 6.0306 1)
(12.7911 8.4043 1)
(5.67579 6.15219 1)
(2.17039 3.97102 1)
(2.17039 6.02898 1)
(4.96657 5.71894 1)
(3.8334 3.341 1)
(3.99652 3.18081 1)
(12.7148 1.65144 1)
(2.24341 6.65187 1)
(1.68763 7.95185 1)
(5.44447 5.79039 1)
(7.3034 7.91853 1)
(12.5646 5.67527 1)
(7.39097 5.45865 1)
(8.40434 1.41092 1)
(3.5939 7.35759 1)
(2.88761 7.2658 1)
(3.44314 7.73052 1)
(4.09448 3.73586 1)
(3.69071 1.53283 1)
(4.34224 1.6551 1)
(1.80074 6.50223 1)
(1.81306 3.49033 1)
(3.04162 5.70992 1)
(4.54188 6.00408 1)
(6.16686 6.30444 1)
(2.88693 4.51768 1)
(2.89324 5.50181 1)
(11.493 6.0538 1)
(5.96607 9.1194 1)
(9.40568 3.82952 1)
(5.35557 8.76233 1)
(5.04425 3.97662 1)
(2.78617 6.36874 1)
(8.30012 9.51364 1)
(3.28317 3.35097 1)
(0.431177 5.12886 1)
(6.27714 5.35165 1)
(4.82353 5.49518 1)
(0.632152 8.12596 1)
(4.34103 6.23391 1)
(8.41198 2.50453 1)
(3.25218 6.54674 1)
(5.18445 7.26095 1)
(4.13616 6.51722 1)
(2.97366 3.97412 1)
(4.21022 0.750199 1)
(4.43934 7.89782 1)
(9.87949 6.61585 1)
(6.56666 2.50664 1)
(3.52357 6.42074 1)
(9.3762 6.22334 1)
(4.94007 3.13933 1)
(8.31225 0.485562 1)
(5.7568 4.68815 1)
(2.91802 6.69684 1)
(3.57467 3.49275 1)
(3.28439 3.92812 1)
(8.83055 3.51301 1)
(2.48962 5.46183 1)
(2.42299 4.51856 1)
(2.75314 5.27629 1)
(2.75314 4.72371 1)
(6.72162 7.13573 1)
(3.0173 2.62935 1)
(8.02429 6.08687 1)
(1.67047 2.06988 1)
(2.77936 3.6313 1)
(10.518 6.21389 1)
(5.09113 5.97185 1)
(1.9621 7.2143 1)
(1.95372 5.36791 1)
(5.85534 2.36251 1)
(9.27874 9.43301 1)
(3.9319 8.3406 1)
(1.98321 2.84869 1)
(9.86933 3.39438 1)
(0.64585 5.96903 1)
(0.665371 3.99282 1)
(7.49424 4.57743 1)
(3.58789 2.63581 1)
(2.45084 0.739299 1)
(0.451325 9.24415 1)
(7.59674 9.42356 1)
(9.31042 0.587494 1)
(3.92081 3.49583 1)
(3.23742 5.98646 1)
(10.5651 3.74652 1)
(2.20691 4.87531 1)
(2.94641 6.03281 1)
(4.70187 7.00315 1)
(11.353 2.20694 1)
(3.09489 6.25047 1)
(5.53601 2.73748 1)
(1.36476 0.526706 1)
(7.329 1.23759 1)
(3.10724 6.97309 1)
(4.0853 2.38451 1)
(7.86335 3.0668 1)
(4.55511 4.08434 1)
(4.97629 5.27746 1)
(6.04045 3.0951 1)
(8.84027 6.62457 1)
(4.29766 4.10744 1)
(11.8962 8.46085 1)
(3.72097 6.64565 1)
(4.85798 4.57524 1)
(10.9448 9.30688 1)
(7.0891 7.05829 1)
(6.78458 2.17591 1)
(8.60256 5.37706 1)
(11.8978 1.54182 1)
(10.9458 0.691174 1)
(7.2268 2.04871 1)
(7.57275 0.557654 1)
(12.0958 9.38721 1)
(5.0735 4.68829 1)
(10.1047 5.61931 1)
(5.73796 1.25048 1)
(12.0958 0.612794 1)
(2.53898 3.02396 1)
(14.4548 2.74093 1)
(14.4396 6.19968 1)
(5.02474 4.35489 1)
(2.93968 1.41542 1)
(4.85213 3.55669 1)
(6.13631 5.89679 1)
(5.5506 6.4806 1)
(8.94225 2.98118 1)
(6.533 3.41515 1)
(3.87708 6.57825 1)
(3.52371 7.05244 1)
(4.07612 6.20361 1)
(7.02954 6.50345 1)
(2.58264 6.91312 1)
(5.81697 4.17057 1)
(2.38288 3.52387 1)
(11.3639 4.60611 1)
(6.27429 7.31868 1)
(5.957 7.60824 1)
(4.69434 8.26848 1)
(4.88956 5.03722 1)
(2.28798 7.35367 1)
(13.6138 2.14945 1)
(6.40991 5.76127 1)
(4.55246 5.4955 1)
(5.25846 7.90003 1)
(4.73412 4.32327 1)
(9.4733 7.25665 1)
(4.15941 6.80567 1)
(1.13904 7.49504 1)
(3.0919 3.44837 1)
(3.01144 3.26994 1)
(7.37694 2.67274 1)
(10.9364 8.06255 1)
(4.14952 3.18559 1)
(4.88102 6.41157 1)
(14.4537 5.15514 1)
(4.60244 4.58069 1)
(7.99478 7.96828 1)
(10.0883 8.61783 1)
(14.4364 7.65934 1)
(10.363 7.56198 1)
(5.11048 2.27054 1)
(5.85282 3.48048 1)
(4.58181 2.69926 1)
(12.593 4.42675 1)
(4.00699 6.36856 1)
(6.03347 5.03257 1)
(4.3093 3.68805 1)
(2.10534 1.23022 1)
(2.40055 5.19864 1)
(2.40345 4.81812 1)
(4.79155 6.566 1)
(13.6187 5.09516 1)
(5.20399 3.6465 1)
(5.90271 5.52527 1)
(6.51795 6.26384 1)
(14.3795 1.42232 1)
(10.9015 2.01585 1)
(2.19008 2.06123 1)
(3.4735 3.71361 1)
(10.1388 1.43479 1)
(0.435741 4.69513 1)
(5.00858 1.67381 1)
(11.1019 8.83112 1)
(3.9535 7.31299 1)
(11.1813 3.00812 1)
(4.87346 6.06119 1)
(4.63501 5.78083 1)
(1.90586 4.04312 1)
(1.90855 5.95155 1)
(7.58241 6.50569 1)
(2.84683 8.67915 1)
(3.16763 8.85142 1)
(10.868 6.93319 1)
(5.92354 6.63805 1)
(4.55916 3.67835 1)
(6.94796 9.46903 1)
(12.0497 7.40746 1)
(13.5831 9.38564 1)
(6.65552 0.520424 1)
(10.3671 2.40495 1)
(5.17642 5.63153 1)
(5.15988 6.76381 1)
(13.5817 0.609211 1)
(7.03983 6.07117 1)
(1.28059 8.49426 1)
(11.0947 1.17146 1)
(13.7042 6.90046 1)
(3.4234 6.20458 1)
(13.5576 7.85818 1)
(5.19654 5.48934 1)
(3.79436 6.91002 1)
(3.35993 3.216 1)
(1.47469 3.06362 1)
(1.48543 6.94127 1)
(13.5926 4.39109 1)
(5.22659 3.25168 1)
(5.04726 4.91875 1)
(2.64409 5 1)
(1.66641 9.49687 1)
(0.455563 1.26468 1)
(8.90837 7.88428 1)
(3.14607 1.08962 1)
(3.56129 8.31023 1)
(6.70273 1.15103 1)
(5.22229 0.486255 1)
(9.54604 2.7896 1)
(12.516 7.55004 1)
(2.45605 1.63501 1)
(7.35233 8.57531 1)
(6.91591 4.01951 1)
(14.4935 8.67197 1)
(9.2984 4.88312 1)
(4.68938 6.21325 1)
(5.02092 8.24513 1)
(5.51213 6.98627 1)
(12.652 9.48684 1)
(2.45415 2.5877 1)
(4.43814 5.64657 1)
(12.6521 0.512874 1)
(10.6063 4.68003 1)
(3.67847 1.18517 1)
(5.24835 6.22987 1)
(4.2248 6.99484 1)
(2.41776 6.49048 1)
(7.49015 7.63564 1)
(3.05135 4.34468 1)
(3.15952 4.19194 1)
(3.2664 2.98172 1)
(4.69412 5.58337 1)
(14.4488 9.44884 1)
(6.22138 9.5828 1)
(5.60059 5.69794 1)
(14.4488 0.551162 1)
(12.5297 2.44474 1)
(6.31548 4.73921 1)
(4.69546 4.13533 1)
(9.08271 1.33172 1)
(4.36968 7.32214 1)
(6.27035 8.78343 1)
(4.97582 5.41267 1)
(3.87671 3.03362 1)
(2.23742 5.0706 1)
(1.3043 3.84716 1)
(1.3043 6.15284 1)
(4.5535 6.87393 1)
(7.51291 4.02261 1)
(4.35656 3.92025 1)
(13.7087 3.35527 1)
(5.73545 9.55632 1)
(2.39701 3.87012 1)
(2.39701 6.12988 1)
(3.00522 5.58247 1)
(5.47651 5.44646 1)
(2.07766 4.508 1)
(3.5277 3.24781 1)
(8.00153 2.05614 1)
(14.4356 4.58947 1)
(9.97689 7.86799 1)
(6.54237 5.11118 1)
(8.04562 5.06244 1)
(2.76373 6.57767 1)
(1.60472 1.64692 1)
(3.37401 3.47788 1)
(6.36519 6.73703 1)
(4.80793 3.31637 1)
(4.52287 6.40781 1)
(4.11077 3.49831 1)
(4.64576 5.33107 1)
(13.8782 1.44875 1)
(4.76327 4.51201 1)
(6.70001 2.85379 1)
(5.80916 6.99768 1)
(3.84292 9.05923 1)
(11.6665 6.63885 1)
(13.5571 8.89002 1)
(10.4194 9.43589 1)
(10.8103 8.50302 1)
(5.52464 3.89745 1)
(8.83848 7.04656 1)
(2.18006 7.89037 1)
(6.21318 2.51405 1)
(4.80116 4.90076 1)
(4.7001 4.74854 1)
(10.4232 0.571221 1)
(2.58867 9.52207 1)
(4.49203 3.39026 1)
(4.23416 6.29904 1)
(4.52717 8.89342 1)
(1.67443 8.37454 1)
(3.27794 4.03597 1)
(12.2302 3.84384 1)
(5.09661 5.17173 1)
(3.37913 3.88008 1)
(12.2593 6.00205 1)
(4.11898 3.88109 1)
(3.48867 2.85179 1)
(3.92427 9.53599 1)
(1.17505 2.56665 1)
(10.8069 1.5169 1)
(12.4661 6.54503 1)
(8.02874 8.36737 1)
(5.55656 4.97682 1)
(3.4888 6.64296 1)
(4.3306 5.79694 1)
(4.74866 5.17254 1)
(5.97632 6.28896 1)
(1.64709 4.17626 1)
(1.64862 5.81638 1)
(4.42293 5.85572 1)
(6.65882 8.68712 1)
(6.03878 4.44828 1)
(13.2765 6.13045 1)
(12.3498 3.41732 1)
(6.12981 3.72278 1)
(5.80062 5.98853 1)
(1.98994 8.66523 1)
(7.29281 5.97938 1)
(4.42296 6.69512 1)
(1.67552 5.30654 1)
(5.4967 6.07723 1)
(4.84889 5.7803 1)
(2.74296 6.19574 1)
(7.03554 3.48575 1)
(4.82277 3.83776 1)
(3.98194 6.7668 1)
(2.42555 8.14442 1)
(1.67828 4.69588 1)
(6.11109 0.471375 1)
(13.5622 1.06939 1)
(2.5484 4.25497 1)
(2.54731 5.74461 1)
(6.11133 8.12872 1)
(14.5536 2.24001 1)
(5.30115 4.96766 1)
(2.77515 5.66755 1)
(2.76761 4.35177 1)
(2.9795 4.4502 1)
(4.51585 6.1215 1)
(2.85165 4.67809 1)
(2.85165 5.32191 1)
(4.20656 2.82441 1)
(2.80805 3.29858 1)
(9.1546 8.78902 1)
(3.22006 3.74066 1)
(7.93097 5.70593 1)
(3.23424 5.88491 1)
(3.17867 9.54926 1)
(12.1006 2.59856 1)
(3.3294 6.03477 1)
(3.08372 6.40516 1)
(7.13005 2.94732 1)
(5.44004 3.22199 1)
(1.04448 5.90668 1)
(1.04709 4.10138 1)
(4.6562 7.34105 1)
(2.74599 3.80686 1)
(5.00568 2.91361 1)
(5.60858 4.80996 1)
(3.30474 6.43357 1)
(2.90019 7.91145 1)
(4.33769 4.20273 1)
(4.53375 4.49988 1)
(8.56735 5.96254 1)
(4.21515 6.41672 1)
(9.43464 5.30769 1)
(5.39526 4.4944 1)
(7.64799 3.68203 1)
(5.40051 4.25678 1)
(2.873 2.84261 1)
(5.5267 5.27789 1)
(4.90521 5.59322 1)
(2.62246 5.42317 1)
(2.62246 4.57683 1)
(5.12483 9.56056 1)
(5.59568 3.46381 1)
(9.83234 8.26785 1)
(11.528 3.30359 1)
(3.24664 2.55079 1)
(9.5552 2.38379 1)
(6.53936 4.85337 1)
(8.03763 1.62079 1)
(11.0856 6.04532 1)
(3.33301 0.425428 1)
(12 3.0973 1)
(12.0443 6.85827 1)
(7.74916 6.21956 1)
(13.2106 3.63933 1)
(14.5884 7.12987 1)
(5.59913 2.13117 1)
(2.29369 5.84479 1)
(2.29484 4.15602 1)
(4.86265 6.73614 1)
(10.3817 5.8538 1)
(4.11119 6.1136 1)
(7.10364 4.88831 1)
(1.1478 1.75252 1)
(14.5384 3.7491 1)
(6.59781 6.90245 1)
(4.62908 9.60054 1)
(3.99299 7.12234 1)
(10.5209 7.19257 1)
(12.8142 8.81122 1)
(1.94244 3.75387 1)
(1.93417 6.23368 1)
(10.727 5.35697 1)
(12.0794 5.20235 1)
(4.89958 4.09897 1)
(3.53491 2.20821 1)
(5.76429 3.94222 1)
(2.93766 3.64019 1)
(1.20755 8.87543 1)
(5.43706 3.66476 1)
(1.67871 1.23877 1)
(12.8331 1.23163 1)
(10.7515 2.97595 1)
(4.48682 1.08418 1)
(2.21314 5.54919 1)
(6.63069 6.02884 1)
(4.62454 5.90363 1)
(13.3934 7.303 1)
(8.68156 2.39357 1)
(3.54705 3.64979 1)
(8.88048 9.56679 1)
(3.15711 7.20699 1)
(5.75346 7.42315 1)
(4.45238 8.49372 1)
(4.39808 7.0074 1)
(1.06823 3.32977 1)
(1.06823 6.67023 1)
(2.73982 6.76462 1)
(10.0296 6.98859 1)
(5.07932 7.09659 1)
(9.15486 5.61448 1)
(4.74172 5.40607 1)
(5.00894 0.996027 1)
(8.75 0.410714 1)
(4.29674 6.12431 1)
(4.8602 2.67181 1)
(4.43298 5.96708 1)
(5.31841 5.88374 1)
(10.3566 4.16396 1)
(1.45862 7.71097 1)
(4.79614 5.07171 1)
(3.64928 3.07107 1)
(6.14321 4.02997 1)
(3.0607 3.84833 1)
(4.1469 7.40971 1)
(4.6309 4.67841 1)
(3.80364 2.65915 1)
(13.9181 8.5782 1)
(5.15022 5.01136 1)
(7.44219 2.34941 1)
(4.49528 2.41093 1)
(12.9803 5.62101 1)
(6.08122 1.84091 1)
(5.06871 5.83578 1)
(3.03651 4.12586 1)
(0.409261 7.17794 1)
(6.536 1.88991 1)
(4.5346 5.71506 1)
(4.47021 3.11148 1)
(8.13287 6.77684 1)
(12.9125 2.8183 1)
(3.3287 6.64222 1)
(8.29302 5.32403 1)
(7.12655 6.81327 1)
(6.81362 5.54206 1)
(0.387687 2.75865 1)
(4.81219 4.69604 1)
(8.23157 7.10235 1)
(3.17691 7.65789 1)
(13.3866 2.69198 1)
(10.1868 4.90878 1)
(10.3084 2.81935 1)
(9.03853 6.22733 1)
(6.91976 4.31397 1)
(4.29015 3.094 1)
(5.75069 3.01165 1)
(3.89835 6.41407 1)
(5.7458 8.24675 1)
(8.81382 5.06259 1)
(5.45554 1.54213 1)
(1.71524 2.39092 1)
(2.61119 3.53637 1)
(2.18601 0.402706 1)
(11.7234 1.94791 1)
(6.46431 4.3104 1)
(4.07913 7.6186 1)
(5.03699 6.29695 1)
(9.17311 4.44749 1)
(11.0337 3.9303 1)
(4.16083 3.9701 1)
(14.5972 5.7367 1)
(11.8049 3.94821 1)
(11.2642 7.28823 1)
(3.26272 6.86471 1)
(5.19123 4.25031 1)
(2.61912 6.47081 1)
(2.76825 5.5116 1)
(2.76859 4.50274 1)
(7.72534 4.96955 1)
(8.24494 4.69953 1)
(3.93142 0.423372 1)
(9.84194 4.61789 1)
(2.84599 4.01697 1)
(8.29905 8.96025 1)
(5.67893 8.83352 1)
(3.10694 2.14828 1)
(11.6873 8.03968 1)
(13.8237 5.99434 1)
(5.22505 3.96521 1)
(12.8668 7.23074 1)
(5.88848 3.71796 1)
(4.99131 4.80683 1)
(9.3165 7.69937 1)
(3.34089 3.6353 1)
(4.39541 0.39425 1)
(7.20623 0.396844 1)
(13.069 8.05532 1)
(13.2721 4.80706 1)
(4.98212 4.60213 1)
(2.46648 7.55191 1)
(4.42497 4.14112 1)
(8.25591 3.49084 1)
(5.15583 6.57441 1)
(4.95851 4.49335 1)
(5.49132 6.76294 1)
(4.58188 3.81898 1)
(5.34925 6.43955 1)
(8.70783 1.69624 1)
(3.50636 6.26512 1)
(8.04947 4.37378 1)
(2.95355 4.24838 1)
(3.4359 7.23629 1)
(14.0035 5.25122 1)
(0.505772 5.52559 1)
(2.96662 6.3432 1)
(8.67201 7.58111 1)
(6.4119 3.68119 1)
(3.12716 5.74395 1)
(0.812269 9.55138 1)
(0.470085 2.0743 1)
(0.538302 3.6077 1)
(0.535066 6.38599 1)
(6.09585 7.12371 1)
(0.888841 2.11774 1)
(3.05171 5.95499 1)
(12.8137 3.27865 1)
(2.68185 0.363572 1)
(3.1798 6.14616 1)
(5.62001 6.31535 1)
(5.81058 5.17409 1)
(4.62063 4.34745 1)
(5.03671 8.8898 1)
(4.39115 6.52792 1)
(4.42902 4.34798 1)
(4.23274 5.94566 1)
(11.5485 8.7537 1)
(4.2772 3.52063 1)
(2.84649 5.97482 1)
(8.06235 3.76423 1)
(12.8261 4.81451 1)
(4.64973 1.64382 1)
(10.2084 6.43322 1)
(11.6741 9.6168 1)
(5.33057 4.77256 1)
(9.93995 3.01118 1)
(4.8667 7.45804 1)
(13.0679 1.90362 1)
(2.03498 6.55185 1)
(1.13566 0.943327 1)
(9.91737 4.26445 1)
(11.6741 0.3832 1)
(4.90921 4.29708 1)
(12.9841 6.50364 1)
(6.75906 4.71802 1)
(4.57511 5.4001 1)
(3.66461 3.44148 1)
(4.78602 5.95963 1)
(2.86544 5.74728 1)
(0.39067 8.77143 1)
(5.6423 4.52772 1)
(6.27287 4.49678 1)
(8.30845 1.0252 1)
(11.5359 1.27554 1)
(3.45869 7.96627 1)
(5.51994 7.88525 1)
(1.31333 5.00659 1)
(2.13661 5.23701 1)
(3.09888 6.58192 1)
(2.0553 3.47716 1)
(4.69842 3.89131 1)
(5.45733 5.61096 1)
(11.3538 5.16886 1)
(11.8789 8.91314 1)
(0.443691 0.443691 1)
(2.52652 5.06906 1)
(2.52746 4.92929 1)
(3.06778 3.09481 1)
(4.97847 5.15714 1)
(7.57945 7.02423 1)
(4.63203 2.17295 1)
(2.10292 3.08331 1)
(9.73756 6.27649 1)
(3.99217 6.27314 1)
(4.00491 3.71279 1)
(4.48108 5.55103 1)
(11.7466 4.59164 1)
(4.221 4.04206 1)
(13.214 9.60913 1)
(3.49288 6.90353 1)
(11.8767 1.09324 1)
(10.1845 3.57893 1)
(2.00776 5.56047 1)
(2.56867 3.92515 1)
(2.56792 6.075 1)
(14.6136 1.80917 1)
(2.69061 2.42669 1)
(13.214 0.390868 1)
(2.4886 9.11207 1)
(12.3317 8.32452 1)
(8.23221 4.0853 1)
(7.66055 4.31336 1)
(2.56381 2.83116 1)
(5.22654 4.50185 1)
(0.898445 1.33226 1)
(8.17965 2.84495 1)
(7.28718 6.57137 1)
(4.50066 7.48593 1)
(2.92218 4.60163 1)
(2.92289 5.40334 1)
(14.0146 3.74984 1)
(7.74733 8.59444 1)
(4.48202 3.94055 1)
(14.6339 8.25 1)
(3.82951 3.45437 1)
(1.80586 9.09273 1)
(6.32834 3.23049 1)
(14.1239 2.33742 1)
(2.83618 4.23533 1)
(2.40606 3.20373 1)
(3.1101 3.95302 1)
(12.3042 1.64196 1)
(3.94459 6.65866 1)
(11.6765 5.37548 1)
(3.59854 3.58074 1)
(7.62865 5.59304 1)
(2.42034 6.78362 1)
(9.38382 8.34732 1)
(4.17527 3.71727 1)
(5.97726 5.92348 1)
(10.7518 3.36277 1)
(7.27104 1.64778 1)
(5.78489 5.36781 1)
(3.39637 6.11312 1)
(4.0609 6.43875 1)
(5.48696 2.99753 1)
(3.46035 2.45309 1)
(14.0333 6.40028 1)
(7.2277 5.21055 1)
(11.4528 3.72681 1)
(3.04581 8.19185 1)
(8.77207 4.40581 1)
(9.12562 3.67465 1)
(6.11018 5.4277 1)
(14.5623 0.97461 1)
(4.57783 2.94636 1)
(7.65389 6.77315 1)
(2.98006 5.47121 1)
(10.0436 2.23278 1)
(14.579 3.23454 1)
(1.86007 4.9241 1)
(5.9439 4.79806 1)
(3.2852 3.83411 1)
(4.82933 5.25537 1)
(3.9235 3.59241 1)
(2.45665 7.14195 1)
(6.76736 6.4769 1)
(5.69046 2.56013 1)
(5.36872 0.854025 1)
(5.67334 4.28282 1)
(3.134 4.28684 1)
(8.60407 4.7129 1)
(4.1975 6.64383 1)
(5.91019 0.942973 1)
(4.33787 3.40146 1)
(3.74785 3.39275 1)
(5.15036 3.82644 1)
(10.9578 4.55672 1)
(9.52267 9.11251 1)
(2.14041 6.88515 1)
(4.1576 6.0263 1)
(4.45899 4.43995 1)
(2.74794 5.16747 1)
(2.74794 4.83253 1)
(2.73316 7.1102 1)
(3.34073 6.25969 1)
(9.64905 6.88782 1)
(8.58334 4.09365 1)
(3.44787 3.80926 1)
(3.93153 2.24894 1)
(5.24239 5.24575 1)
(1.75956 0.446712 1)
(8.63526 2.79092 1)
(2.2503 4.46016 1)
(10.6887 6.57027 1)
(0.364306 7.82093 1)
(3.04647 6.1131 1)
(5.03833 3.57253 1)
(5.14713 3.43987 1)
(9.36033 0.993131 1)
(6.33976 6.4199 1)
(5.28493 2.77829 1)
(8.7724 8.70352 1)
(3.23657 4.12836 1)
(6.46877 8.06386 1)
(5.75013 7.70307 1)
(6.76387 5.25784 1)
(14.0355 9.57053 1)
(6.14968 5.20085 1)
(14.0355 0.429467 1)
(3.08346 5.63296 1)
(2.45061 5.32934 1)
(2.46152 4.67339 1)
(2.75114 1.03422 1)
(5.27717 7.42601 1)
(2.97351 4.54022 1)
(4.87868 7.69126 1)
(1.92805 4.30065 1)
(10.0023 5.2467 1)
(3.97813 8.08093 1)
(4.05239 3.80928 1)
(2.75167 3.46464 1)
(2.15378 2.61897 1)
(4.64234 6.54248 1)
(1.71023 7.07624 1)
(2.88902 1.74858 1)
(12.9189 4.06812 1)
(13.9864 7.84311 1)
(1.09578 5.28024 1)
(1.07749 4.72769 1)
(4.50426 1.92546 1)
(1.74579 7.5643 1)
(1.72268 2.89826 1)
(5.30461 5.70946 1)
(3.60123 6.44072 1)
(7.55107 5.23737 1)
(3.68948 7.74925 1)
(4.01708 1.06958 1)
(8.63946 8.27979 1)
(8.2666 6.47985 1)
(7.5511 0.963743 1)
(6.01197 4.24749 1)
(6.15557 2.82499 1)
(5.71312 6.57932 1)
(4.02723 1.68736 1)
(3.33293 2.04092 1)
(7.4975 6.13529 1)
(11.3401 2.59743 1)
(6.83352 5.97678 1)
(3.04038 3.57389 1)
(4.31863 3.80741 1)
(9.45636 1.7009 1)
(12.7845 6.85172 1)
(5.22819 5.36559 1)
(4.99834 6.05754 1)
(9.65592 9.61366 1)
(4.71104 7.16448 1)
(3.55881 6.34237 1)
(4.43301 6.29745 1)
(2.60423 8.44852 1)
(7.60678 3.29776 1)
(2.82318 4.76792 1)
(2.82318 5.23208 1)
(5.1724 6.08456 1)
(12.578 5.26803 1)
(6.56804 3.13451 1)
(6.13159 6.09482 1)
(11.8745 6.035 1)
(9.7475 0.329309 1)
(2.97407 7.09358 1)
(3.02953 5.80804 1)
(9.77617 3.71897 1)
(2.21056 9.66747 1)
(1.57173 3.62935 1)
(1.57015 6.36493 1)
(4.50901 4.19448 1)
(14.6482 4.21163 1)
(7.66367 7.88492 1)
(0.963144 0.406245 1)
(3.75657 7.32827 1)
(2.63153 4.08865 1)
(2.63161 5.90629 1)
(9.26836 2.11398 1)
(3.30474 0.809825 1)
(7.71099 1.41478 1)
(5.08512 5.70615 1)
(0.770875 7.18811 1)
(6.32433 5.55881 1)
(4.62864 3.32828 1)
(5.92719 4.6026 1)
(0.770841 2.81354 1)
(8.11032 7.63452 1)
(7.24258 4.66205 1)
(1.63918 3.3234 1)
(1.64326 6.67801 1)
(3.29431 8.17961 1)
(9.18374 6.9647 1)
(10.6011 5.03303 1)
(3.20196 3.96905 1)
(2.71658 4.92444 1)
(2.71658 5.07556 1)
(7.02907 8.68792 1)
(3.57762 3.3934 1)
(4.73517 5.7408 1)
(4.32812 6.00939 1)
(13.7978 8.18851 1)
(4.76983 0.322624 1)
(6.4031 4.09365 1)
(3.03483 7.43352 1)
(3.50573 8.98495 1)
(3.15682 3.32425 1)
(3.42861 1.75765 1)
(0.38326 9.61982 1)
(1.89261 5.73928 1)
(1.53851 0.889438 1)
(14.0968 3.0232 1)
(1.49414 4.43413 1)
(1.49564 5.57344 1)
(7.27014 9.65107 1)
(6.14075 4.84067 1)
(4.26885 7.75571 1)
(4.86886 7.05374 1)
(6.22653 7.6038 1)
(2.6751 5.32716 1)
(2.6751 4.67284 1)
(4.26565 5.85934 1)
(3.15987 5.94625 1)
(6.57905 3.92642 1)
(4.42851 3.66057 1)
(3.9639 2.86618 1)
(9.81472 1.58868 1)
(6.92875 7.21408 1)
(3.24088 6.07457 1)
(4.14533 2.18622 1)
(3.66551 6.49931 1)
(4.68682 4.0172 1)
(0.354891 0.838578 1)
(14.597 9.06796 1)
(4.68976 3.61446 1)
(12.0264 4.78266 1)
(0.365847 4.23636 1)
(2.83284 6.09578 1)
(4.10146 3.323 1)
(4.62878 8.02198 1)
(2.27419 7.66887 1)
(1.4376 8.15312 1)
(5.82529 6.2086 1)
(1.30734 9.66157 1)
(2.43575 2.09916 1)
(4.91744 5.48774 1)
(5.51694 8.49246 1)
(8.59403 7.2374 1)
(2.35629 3.70885 1)
(2.35259 6.31715 1)
(4.8905 4.80756 1)
(3.84491 6.49754 1)
(3.48027 3.48799 1)
(2.79644 5.84736 1)
(11.3151 6.79146 1)
(5.31342 6.78868 1)
(14.6575 6.71598 1)
(2.83047 7.45348 1)
(3.07141 2.40326 1)
(0.767112 4.83659 1)
(7.56752 9.00937 1)
(2.13223 4.71612 1)
(4.52071 4.28385 1)
(5.16443 8.52572 1)
(5.29167 2.53531 1)
(4.42715 6.17615 1)
(8.74174 3.79557 1)
(13.1866 1.26336 1)
(12.6465 7.98854 1)
(10.2134 8.98666 1)
(1.01276 8.19798 1)
(6.5 7.22696 1)
(9.86678 1.10398 1)
(5.3403 7.14549 1)
(6.60388 1.53679 1)
(4.72566 4.84518 1)
(5.1585 4.39985 1)
(0.849252 7.84624 1)
(4.66952 7.80123 1)
(4.71322 4.22429 1)
(8.12151 3.19866 1)
(11.2544 9.65134 1)
(0.83992 9.05035 1)
(9.67342 5.89129 1)
(3.63779 7.54125 1)
(6.74516 7.61941 1)
(12.6119 2.01168 1)
(5.74431 5.64259 1)
(7.15522 5.51473 1)
(5.70421 5.8326 1)
(11.2621 0.343733 1)
(6.99552 5.12034 1)
(5.38656 3.9756 1)
(5.16139 4.09428 1)
(3.45674 7.50389 1)
(0.295536 1.73914 1)
(4.36026 4.2889 1)
(6.85816 9.04809 1)
(4.33865 7.14686 1)
(5.01678 2.02332 1)
(8.74937 5.67394 1)
(13.1532 8.72811 1)
(6.60386 9.63318 1)
(3.24388 9.16747 1)
(6.98881 7.74718 1)
(6.96382 8.08874 1)
(9.6513 4.03274 1)
(11.6133 5.74596 1)
(3.75013 2.1078 1)
(11.7378 2.34874 1)
(2.67309 2.18885 1)
(1.42801 1.90935 1)
(7.20532 8.29218 1)
(8.54571 6.59958 1)
(2.77553 4.10884 1)
(14.1525 7.1195 1)
(4.49179 1.41251 1)
(4.03907 6.53809 1)
(4.22794 1.93523 1)
(10.7804 9.6845 1)
(9.24166 5.91569 1)
(7.91548 9.62985 1)
(7.23611 3.98467 1)
(6.33752 5.17134 1)
(2.83965 3.90392 1)
(7.3556 5.70661 1)
(13.9791 4.44381 1)
(6.01725 5.74748 1)
(4.14969 6.2646 1)
(10.7817 0.315522 1)
(2.17867 8.96261 1)
(3.23198 6.22921 1)
(6.20395 1.28564 1)
(3.07433 6.79215 1)
(4.28896 6.73224 1)
(3.90445 3.3985 1)
(1.19148 5.55585 1)
(1.19149 4.43434 1)
(3.78741 6.58125 1)
(5.64012 5.12548 1)
(3.73779 6.75664 1)
(5.89815 2.05448 1)
(5.89139 3.27223 1)
(10.4603 5.57991 1)
(8.87958 2.10828 1)
(11.0876 7.69108 1)
(3.76767 1.82889 1)
(0.353229 8.37577 1)
(4.18679 8.39397 1)
(4.1014 3.64614 1)
(4.96824 4.97993 1)
(4.56332 6.68255 1)
(5.43554 5.94301 1)
(6.53501 5.84983 1)
(4.27985 2.40285 1)
(4.74996 6.10123 1)
(3.9263 8.63765 1)
(2.68691 7.65607 1)
(5.35392 5.16009 1)
(7.11637 3.25156 1)
(2.53634 4.42064 1)
(2.53145 5.5786 1)
(11.0283 5.54953 1)
(6.1625 6.74029 1)
(2.71053 2.98815 1)
(5.35104 2.24289 1)
(2.4284 4.20948 1)
(2.42784 5.79061 1)
(7.74282 7.23715 1)
(4.50941 5.9092 1)
(4.6209 6.12105 1)
(6.00603 6.4559 1)
(7.00839 1.32473 1)
(1.93642 7.84179 1)
(4.80962 3.70176 1)
(13.7542 1.77301 1)
(13.7581 5.53293 1)
(4.62885 6.30749 1)
(5.86534 6.81023 1)
(3.66866 3.22578 1)
(5.17848 4.61247 1)
(7.91404 9.2631 1)
(4.6761 5.238 1)
(4.24974 9.69611 1)
(6.56051 5.63873 1)
(11.8062 7.70465 1)
(7.322 7.0441 1)
(9.67412 7.64141 1)
(13.318 5.33157 1)
(5.04393 6.45438 1)
(4.67652 4.52523 1)
(8.06713 5.45874 1)
(2.6885 1.57302 1)
(6.50129 7.7418 1)
(6.97212 6.28456 1)
(13.3583 6.59453 1)
(4.36189 5.70824 1)
(4.01289 3.51502 1)
(1.42658 2.44031 1)
(3.94444 2.51369 1)
(7.644 2.13419 1)
(2.03443 4.87226 1)
(3.89984 6.994 1)
(4.61505 5.55099 1)
(4.51622 3.25134 1)
(3.19767 5.79759 1)
(1.47486 5.98841 1)
(1.47486 4.01159 1)
(4.26353 6.51973 1)
(1.4834 9.10647 1)
(2.88136 2.48298 1)
(6.7677 3.48356 1)
(13.3818 4.07867 1)
(3.9326 3.29837 1)
(1.88561 5.16163 1)
(2.83683 5.57877 1)
(2.84937 4.43394 1)
(7.90464 0.361922 1)
(13.6912 4.71346 1)
(8.75678 6.1819 1)
(2.34183 1.04705 1)
(6.72195 4.43711 1)
(9.2479 4.07635 1)
(5.3691 6.16196 1)
(4.76994 6.86151 1)
(5.20026 4.72531 1)
(5.09735 4.80737 1)
(1.95371 2.16542 1)
(5.11261 6.9192 1)
(5.20081 5.92257 1)
(7.22898 7.55913 1)
(5.69668 7.17817 1)
(3.90403 7.8015 1)
(8.12884 2.39933 1)
(3.65657 6.98205 1)
(6.24252 5.76284 1)
(5.08659 5.40123 1)
(3.13189 2.77424 1)
(8.70242 1.25021 1)
(3.60773 6.64596 1)
(11.1021 4.27983 1)
(10.0662 9.63605 1)
(9.73172 5.4629 1)
(0.286437 6.15015 1)
(0.313904 3.86738 1)
(2.88734 2.02819 1)
(6.65346 8.27644 1)
(3.19136 6.4511 1)
(5.07186 7.80133 1)
(5.0829 8.00194 1)
(1.33095 7.16625 1)
(1.33095 2.83375 1)
(4.47688 7.67687 1)
(12.5032 4.08251 1)
(0.850639 6.84631 1)
(0.850611 3.15407 1)
(3.42483 6.42057 1)
(10.0662 0.36395 1)
(5.02391 7.34105 1)
(7.33977 3.43946 1)
(4.75796 6.3023 1)
(12.2667 4.59134 1)
(3.13252 3.78846 1)
(4.65127 5.65932 1)
(5.11153 1.31071 1)
(8.33674 6.11142 1)
(3.60261 9.66785 1)
(8.08874 8.66642 1)
(10.2356 1.02821 1)
(2.63617 7.9791 1)
(4.78838 3.06065 1)
(2.36074 5.50866 1)
(5.71515 0.3052 1)
(4.26982 3.88259 1)
(3.14972 1.63728 1)
(4.96933 6.16336 1)
(2.69401 3.15922 1)
(12.6195 9.09756 1)
(2.99215 0.368268 1)
(3.90956 1.32704 1)
(3.9411 3.66093 1)
(11.6896 4.2907 1)
(6.358 2.7145 1)
(5.01315 6.731 1)
(2.55287 4.81207 1)
(2.55223 5.18871 1)
(3.63645 7.17743 1)
(4.97457 2.45886 1)
(6.02482 7.81257 1)
(5.90716 1.55667 1)
(5.62731 5.37105 1)
(3.74357 3.29835 1)
(12.6195 0.902438 1)
(13.8063 4.09698 1)
(3.97654 6.58219 1)
(7.92304 0.743183 1)
(12.312 9.71851 1)
(11.6667 7.42601 1)
(5.10372 3.11573 1)
(12.312 0.281417 1)
(2.24203 2.32472 1)
(4.07351 6.28574 1)
(4.79386 4.10029 1)
(2.11992 5.41587 1)
(3.92794 6.33354 1)
(6.63357 0.852309 1)
(0.789095 5.21274 1)
(2.29669 8.44196 1)
(12.2607 5.54008 1)
(5.03347 3.28394 1)
(9.2373 8.05332 1)
(7.27052 9.32881 1)
(1.89608 1.46456 1)
(2.33568 4.01906 1)
(2.33539 5.98114 1)
(10.717 7.74048 1)
(10.2156 7.23478 1)
(6.99338 3.73864 1)
(4.54009 3.55887 1)
(4.3146 4.01914 1)
(6.88339 6.98289 1)
(2.95413 5.71815 1)
(0.26387 5.7932 1)
(9.49815 6.48137 1)
(10.8409 6.24771 1)
(2.22679 3.79542 1)
(2.24171 6.19475 1)
(3.35145 3.9741 1)
(8.01033 7.32425 1)
(1.23464 3.59244 1)
(1.23453 6.40715 1)
(5.28369 7.69053 1)
(9.86487 8.93773 1)
(1.85863 2.62185 1)
(4.87695 2.20808 1)
(6.09734 8.44863 1)
(10.4612 8.65031 1)
(6.00346 3.58778 1)
(7.52434 2.95766 1)
(9.52401 4.65189 1)
(3.21706 3.46053 1)
(5.42824 5.01737 1)
(3.42712 1.10141 1)
(4.20085 6.0957 1)
(2.2073 1.51548 1)
(6.94116 1.92052 1)
(3.65629 3.51814 1)
(2.88534 8.40003 1)
(3.17942 3.62042 1)
(10.6189 2.63012 1)
(5.61507 0.979581 1)
(9.4978 3.54256 1)
(11.3076 7.98174 1)
(6.73625 7.35949 1)
(4.10379 7.05832 1)
(4.41341 2.77501 1)
(4.23741 7.96119 1)
(11.3168 5.7949 1)
(8.09182 1.32278 1)
(4.73203 5.50824 1)
(4.71216 4.42719 1)
(13.6374 2.9636 1)
(10.6934 2.29091 1)
(3.52461 6.75693 1)
(8.31773 1.78018 1)
(14.7372 9.73721 1)
(1.49874 5.17124 1)
(6.47333 2.25246 1)
(3.50598 6.50143 1)
(14.7156 0.284416 1)
(4.12611 8.94825 1)
(6.02984 7.38656 1)
(6.20567 6.90768 1)
(4.82513 5.87249 1)
(1.99943 3.29813 1)
(10.4725 1.3475 1)
(8.89976 5.40791 1)
(3.34374 6.35203 1)
(2.20691 3.48931 1)
(6.64319 6.6963 1)
(4.14415 2.57252 1)
(10.0183 1.82576 1)
(5.94162 4.05904 1)
(0.795726 3.42319 1)
(0.791819 6.58577 1)
(1.88771 4.54075 1)
(3.68906 6.57055 1)
(1.49943 4.84475 1)
(8.74095 3.2118 1)
(2.83666 4.5842 1)
(2.838 5.42356 1)
(5.56643 6.64429 1)
(4.82301 4.98026 1)
(4.00857 7.47279 1)
(4.90095 3.9404 1)
(7.16526 7.27636 1)
(3.06778 4.02889 1)
(5.6548 6.01422 1)
(3.30482 5.94238 1)
(2.0875 4.13735 1)
(2.08039 5.86929 1)
(8.30783 8.2268 1)
(3.31767 3.1152 1)
(3.87539 6.82875 1)
(3.38773 3.3315 1)
(9.10322 9.15166 1)
(0.303831 2.358 1)
(10.4697 4.41621 1)
(2.32246 1.84727 1)
(5.33507 5.42949 1)
(11.3817 6.35312 1)
(5.54908 6.20347 1)
(2.64621 5.67247 1)
(2.65985 4.31891 1)
(3.38341 8.65125 1)
(9.26594 3.01027 1)
(8.56894 3.49658 1)
(9.14731 6.53454 1)
(7.89377 6.72367 1)
(14.7223 4.81115 1)
(2.21579 7.13176 1)
(2.65381 5.22455 1)
(2.65387 4.77551 1)
(9.04039 3.27976 1)
(11.6917 6.32289 1)
(4.88298 5.68258 1)
(4.24671 3.27768 1)
(3.41924 2.64786 1)
(2.65818 8.91098 1)
(0.359004 7.51108 1)
(2.2357 6.49177 1)
(9.04649 4.96724 1)
(4.20192 3.90187 1)
(9.25 9.75634 1)
(13.0454 1.54911 1)
(3.77095 8.19119 1)
(6.30753 6.21746 1)
(9.60193 3.19218 1)
(5.96916 8.75089 1)
(4.13208 3.7949 1)
)


// ************************************************************************* //
